0
-0.2700130643102636
-0.3061441224162927
-0.2972968245625967
-0.3385762775875664
-0.29182748635186107
-0.21334145324440285
-0.14677790735293222
-0.1250480679774986
-0.11357187517817009
-0.11528985676850581
-0.11377065662735161
-0.12842257828944995
-0.12990545022126923
-0.13540952938408746
-0.1311221905931848
-0.15463727759373017
-0.15772612895658922
-0.14601093242272084
-0.14958887082444094
-0.14350466691106345
-0.14726922048449362
-0.14668855376557155
-0.14552607179284735
-0.15707862170807663
-0.1320715431813244
-0.10616654507553736
-0.08709476436478347
-0.10539240070075026
-0.11828063833762598
-0.14672435552427035
-0.15331728259101515
-0.15089657997490474
-0.15934570355140532
-0.173325347770191
-0.3103423013713908
0.321704024704507
0.8182904543265568
-0.1946749224119095
-0.19187349938981066
-0.20423228091492857
-0.20545368158358074
-0.20517277840085146
-0.19684494771118333
-0.19650778312004188
-0.19936821286066816
-0.191638248804397
-0.20345339989015898
-0.2035167581798488
-0.22034254287509963
-0.2465700455486989
-0.2751933265274431
-0.29747073716128236
-0.32091783596849727
-0.31199123051526134
-0.2665675157366693
-0.20842407308763583
-0.14409467927576494
-0.10333174817920898
-0.10276065777380436
-0.11007059135170841
-0.09899813216937234
-0.10622732663539677
-0.12167392679005866
-0.11845809688447967
-0.13955040588280263
-0.1500478975990827
-0.15358684481631546
-0.15065100157224642
-0.1585378060519277
-0.15890070256116284
-0.15579336115077386
-0.1511098420504213
-0.15167579305954065
-0.14844012530898662
-0.136516966647069
-0.13455721293111944
-0.11135585797517716
-0.09880055735085791
-0.11525848183117059
-0.12801813009929794
-0.14167927038561057
-0.1484316030191822
-0.14410279479613458
-0.15770660235366685
-0.20684857292518605
-0.25910002834977336
0.46672323213664957
0.312903387188905
-0.19816324351297768
-0.19401747616526135
-0.20459831502119022
-0.20556166543007778
-0.20124784620789649
-0.1958141185501649
-0.20380185855392563
-0.19125230388437797
-0.1909494094339868
-0.2064403049511711
-0.21735966726431039
-0.21883857890867844
-0.23892051980580153
-0.25793211946746075
-0.29135927544323165
-0.31817151825836565
-0.3156417313369889
-0.24364959410536113
-0.1821929503375041
-0.13088103806291673
-0.10712628639870747
-0.10916869906423589
-0.11881369787443385
-0.11097863955894892
-0.12025895455165783
-0.12006663977293426
-0.1324095916474357
-0.13651164890387044
-0.13760375118486512
-0.13626725636907627
-0.13517977115237195
-0.13706875202915292
-0.13549115851062882
-0.11603212590483385
-0.11986892766401355
-0.12051185945172888
-0.1076433074926362
-0.0945820794679952
-0.0735551670787003
-0.05831760835172599
-0.043522741332055345
-0.05660396417858157
-0.09710606549223386
-0.10238625276469199
-0.11117358055124915
-0.11958368077198314
-0.11126133931274426
-0.2452109565575332
0.2218993703827673
0.5018184629567037
-0.1587398717044931
-0.137209656806858
-0.13313574382937338
-0.149251017982308
-0.14665209456369682
-0.13109507631072242
-0.13632342148688215
-0.13246170968638207
-0.12456245226113682
-0.1462535175897281
-0.15694791210179432
-0.1740636451095089
-0.19285903008845198
-0.22564396466472691
-0.2496346370607278
-0.2813044216288425
-0.2660805838562679
-0.23293844549159926
-0.15652799959167074
-0.1507811005233499
-0.1133879681476869
-0.10593382163003598
-0.1131063884956301
-0.13730425654415385
-0.12258370732693549
-0.11956380592310797
-0.14869312500972734
-0.1683490614682483
-0.14054822823390356
-0.17743444146433493
-0.1691034383684792
-0.182906454204122
-0.16928584381721648
-0.1664686514846686
-0.17012413942549193
-0.1760014775717384
-0.14901628235172326
-0.15034533250098664
-0.13809665010316635
-0.16121944766362473
-0.19601663068629288
-0.18293985405871388
-0.19563564870118827
-0.19161025879434868
-0.25278344879079356
-0.04853157289778043
0.49479351827375284
-0.36577586531426154
-0.22169419689654812
-0.1955501943121586
-0.2078851982211854
-0.20501121256484767
-0.18200594261972977
-0.19181778991859894
-0.18323000922411997
-0.1887327096302946
-0.18119664226664722
-0.19140943337259286
-0.1933969410320691
-0.23123296386931136
-0.25940034765328523
-0.2863356219221131
-0.29771926786791003
-0.25401742445548836
-0.17576505387312988
-0.11440590560058114
-0.08840930935612745
-0.09668274183236811
-0.09180479350559997
-0.10836556069063266
-0.0949737394347886
-0.09998235905909211
-0.12127060231048305
-0.12386084741086635
-0.12499177037835782
-0.12474692740029922
-0.12032348842451276
-0.12074681508866819
-0.12426017026103363
-0.12319002779563487
-0.1200918399634268
-0.11897930662121135
-0.11865892279915989
-0.09875851232784569
-0.089324697633692
-0.06733330207493612
-0.07900888915170315
-0.09808541499371548
-0.11880120209527169
-0.1159581438073535
-0.12374721405865285
-0.1427576124941695
-0.2627102432579001
0.44760889223162137
0.6369959958691569
-0.14445527425757146
-0.14305650508182743
-0.1590405245826714
-0.16545087464091351
-0.16494495361377537
-0.1686490623337558
-0.16925371955731988
-0.1632323861643176
-0.16145604697791044
-0.17617850784521355
-0.19529224021810623
-0.20948395468141356
-0.2328915339839286
-0.2682898149694598
-0.2645456954620976
-0.2945156262251385
-0.26663114749406286
-0.18787856036150308
-0.1098176462807832
-0.07537162794082167
-0.06974419396374529
-0.0715494503247647
-0.07279234259150096
-0.06834431955778746
-0.08677876965038243
-0.10350155423057658
-0.10321385114807236
-0.11182416016429947
-0.12294716429445646
-0.1015418093220696
-0.11395194210989817
-0.10892545945234454
-0.10859000736023065
-0.10883399265405687
-0.10867009319441606
-0.11023060990378908
-0.08119740107302817
-0.06744229206188064
-0.042906681138340126
-0.04953416251197596
-0.07397675658392001
-0.09878763243319394
-0.1065209552692742
-0.09599831070960393
-0.10344369594296203
-0.13194929136554942
-0.2571243670100511
0.4537452157729258
0.4311142580712636
-0.13526834555101958
-0.150590623371199
-0.14911724536924298
-0.14268569207695803
-0.15296218268913023
-0.1261917867527948
-0.1386190253440344
-0.14589078358038834
-0.15052258652449002
-0.16229576731607387
-0.17524837831720036
-0.21458579211260953
-0.23409944512765932
-0.26399701328864844
-0.2557832863222733
-0.21220252885805718
-0.1318121889883008
-0.08157093311131189
-0.05145221753147442
-0.05465048768105444
-0.06553780647918524
-0.07789794160295987
-0.06957908650163483
-0.07729055359848376
-0.08664161484402769
-0.09902771621088535
-0.09912848555073073
-0.1059445213136608
-0.10308900891004036
-0.10487787273024819
-0.0964622523424937
-0.08571654730016079
-0.10169409367030846
-0.08179724012508757
-0.08864076974819751
-0.044378408945599045
-0.04749764367425818
-0.01937860774216086
-0.057312939804530116
-0.06566287590810788
-0.07664922898326172
-0.06775567921033962
-0.08888976834332826
-0.10192885601953279
-0.2381375984170284
0.286862824659854
0.7850087071988276
-0.22191177111281082
-0.11416779247313122
-0.13003330316680767
-0.12131568913906016
-0.11272503967718303
-0.10981536982737505
-0.12514721816507413
-0.1167128198311522
-0.13178665945587775
-0.11648590938032036
-0.1494756917138677
-0.1414732532126011
-0.17834695998105635
-0.22244662113617536
-0.24352729007611817
-0.2477403213805653
-0.21498995170566954
-0.1256765369920082
-0.10504465674751896
-0.08891235839048645
-0.08884677854960521
-0.08886642155951491
-0.09550897243484874
-0.1189306196602023
-0.11788236649669931
-0.1396148467731926
-0.13321593411445598
-0.13730396767193181
-0.15506294338003887
-0.14920393913934527
-0.14979625287099013
-0.15725451821487835
-0.16300595280387323
-0.16993068611654882
-0.1631933152291049
-0.1339258103379397
-0.13987850871267016
-0.12473477595728771
-0.13765488812970836
-0.165251531477926
-0.19700533087112304
-0.18302710794114924
-0.19300844727472738
-0.2037149417186447
-0.29078999781797127
0.010576560472092293
0.49744073195093863
-0.373798545542417
-0.23811986969586363
-0.21991096126306375
-0.22887498468817832
-0.2181737590675875
-0.23555515195473312
-0.2141388753573293
-0.21998634610395637
-0.22524803697349305
-0.2306689956372343
-0.2177584887056227
-0.22563316539893033
-0.25082151838595734
-0.26926622663516697
-0.30071565580758286
-0.35101854647580344
-0.3663869805751607
-0.3338354200463657
-0.26231426565885874
-0.21988005977491376
-0.17243713159952484
-0.14852310706091498
-0.1518518826833148
-0.14826676524044302
-0.14301639492732213
-0.15347805174823756
-0.15613029302415798
-0.1664531477831765
-0.1643483137575522
-0.16894800779099192
-0.17414109631269067
-0.15299027423629144
-0.1627881796138004
-0.1734388333634941
-0.16002959946914247
-0.17655284802348412
-0.17933789296103786
-0.1714673753164227
-0.16457191267687926
-0.1466923545544295
-0.12342041759573658
-0.11496127337778941
-0.14945344794264606
-0.18371971742446044
-0.18631781610909187
-0.17965762709065208
-0.1827175302845211
-0.18014490962086016
-0.2516010786420896
-0.20465760161140484
0.5231621674165179
-0.012531652038308527
-0.21813906038268988
-0.223763646982993
-0.22579141481830545
-0.22582058260973192
-0.22844902355301167
-0.2209482802836952
-0.2134815300087862
-0.21168098666888
-0.21537639018959837
-0.23056009862160956
-0.23765765974195469
-0.25040529864587696
-0.2736881544723524
-0.30243095014730836
-0.3343883924036561
-0.34804261423751254
-0.30956547988366845
-0.21653626899106299
-0.15063947514768367
-0.12179295451539182
-0.12786132317961485
-0.11682305278850688
-0.13305112245539485
-0.12949983726674744
-0.13550967462446137
-0.1327646043431423
-0.15588733343391306
-0.16043101800983214
-0.17610866181508478
-0.16732985423095734
-0.16710197136006388
-0.16817000926464568
-0.16166096563445356
-0.15589329328193813
-0.15476243704499565
-0.15123773473289276
-0.13810767703819188
-0.11383002601779671
-0.11490785523168037
-0.09735726752729232
-0.1072697126984627
-0.13606779688998077
-0.13466473342736673
-0.1561607779575172
-0.15557511109377647
-0.15856091972011077
-0.26128253622536846
0.009719738625577356
0.7216705033463127
-0.21566409982906745
-0.17694764297988813
-0.19548953289642954
-0.19314478071288071
-0.190786657181312
-0.191253753195668
-0.18271212095778122
-0.1921574981650813
-0.17205692902842964
-0.18989054183790838
-0.197419870767015
-0.2102489255918948
-0.21538016580297492
-0.2421931034400898
-0.28543283922977386
-0.30773864601678125
-0.2932125227933595
-0.24499573305453712
-0.1923559895886191
-0.14661236534924302
-0.10054247217364545
-0.07677614252759482
-0.07321547926979735
-0.07993324734428077
-0.08465944165932743
-0.10107260408737408
-0.09612699200024818
-0.10767824030598516
-0.1261144248914633
-0.12405179238080016
-0.1188024855238684
-0.11957535410591759
-0.12599941638929163
-0.10981488168124451
-0.1158455252661329
-0.10683817419333391
-0.09950547234875112
-0.09881957064374933
-0.08999132032383725
-0.06732008669265611
-0.06710391474358982
-0.05244769800975062
-0.0714309544934423
-0.09053380382212182
-0.09818067614263082
-0.0951040438529201
-0.10483806393371124
-0.11128006822461732
-0.25670742777365807
0.14447168370608596
0.7333446410619315
-0.1411873485641758
-0.12611896361747538
-0.11904160370747027
-0.10725165034635939
-0.11354190913777074
-0.12106720430131253
-0.10866402006743978
-0.12129529992559655
-0.11205397456456095
-0.10482811881056978
-0.12748840924620197
-0.14190374210672813
-0.1555105402995779
-0.18144761404309742
-0.21648116772522574
-0.22664308760467694
-0.21674958223819932
-0.17418298352256145
-0.11246718424130046
-0.07331524485350589
-0.05602283752127586
-0.05890077297970989
-0.06495543035880688
-0.060053939320799776
-0.08156640026172685
-0.08863392055969882
-0.10004382643810689
-0.106764879203917
-0.11486751633493555
-0.12377258797625194
-0.09213885635116888
-0.11071872559081576
-0.11074160642225868
-0.11665078304450065
-0.1298563506497809
-0.0940013526480184
-0.09667454859496284
-0.07671394218731843
-0.07945075710474812
-0.125124358472579
-0.1480251527566602
-0.15072384868876856
-0.14864433478526434
-0.12880912606168143
-0.18216062466256994
-0.17824565561468253
0.3447275425773119
-0.3000942764533241
-0.18633135542272045
-0.18538012961857953
-0.1752015764377514
-0.16840376935504095
-0.1890678009328961
-0.179400562127271
-0.15831463925791792
-0.168324939687126
-0.16897800396521687
-0.17860740801082695
-0.2021389979755691
-0.22081727494579784
-0.27342021015148266
-0.30078469619657056
-0.3080830178309358
-0.2580675100670189
-0.2057745498988779
-0.15272765155778417
-0.11929346581981007
-0.12465812450338173
-0.12143097667592789
-0.12639470355623628
-0.12288171884297591
-0.13168370042769964
-0.14175120083441356
-0.14999751212314943
-0.14772997417391232
-0.1420718599827577
-0.15862907520739494
-0.14528827188823148
-0.13923402634330181
-0.14264424812157747
-0.14476555740566335
-0.1445311074342762
-0.1262060606632971
-0.10634515132892539
-0.08937264637317263
-0.1082819628512915
-0.14382339195167906
-0.14673667878781854
-0.16608985353186623
-0.16003337273550364
-0.1616745289220742
-0.30633719575792295
0.2609207504706415
0.7471190582381746
-0.27571197285925625
-0.1990663849460379
-0.20499658139888347
-0.20655638545143046
-0.1997826751029008
-0.20792525461867006
-0.19026176001573503
-0.19572607638217365
-0.1937287393461726
-0.19769744396260558
-0.2156490686566757
-0.23731629774746826
-0.2840688452522542
-0.3247885033446036
-0.31475562597999085
-0.3122840553750086
-0.25051348990559696
-0.15012498451230022
-0.12464980182630478
-0.11759839613630604
-0.11826174445257584
-0.11300535923852867
-0.11034943695031449
-0.12365678924724831
-0.1318660261050362
-0.14124272294576992
-0.1567764413900667
-0.16729516969848296
-0.16765901148576273
-0.15308252064306038
-0.1637491787186326
-0.15660283848988144
-0.16030867134202237
-0.15855106762977897
-0.1589773046643218
-0.14242368321757268
-0.11382075203206125
-0.08923466578120712
-0.10949685542186252
-0.12296018644212922
-0.14030876183163515
-0.148628754389853
-0.16344310547730234
-0.15623554366636833
-0.3033081773370802
0.24959031984200558
0.8555201944947802
-0.24211863415250345
-0.17690286527525367
-0.21318781152586175
-0.2028880047897762
-0.19251769220511933
-0.19007065176226176
-0.20073487265994108
-0.1932483024338361
-0.1936027816104457
-0.19526172606265849
-0.20898070162374313
-0.22823637426540402
-0.2552159867896281
-0.27535863139367117
-0.2964861084975483
-0.30774363352001716
-0.312332595922175
-0.23967214146748864
-0.15742032316151072
-0.11776072704016785
-0.10674274918794921
-0.10405874483012974
-0.10465983461183195
-0.10911788397398078
-0.1163520068693866
-0.129114741965022
-0.1402792902651231
-0.15356179813934165
-0.15362496137972537
-0.16696444317552456
-0.1655291508269427
-0.16443447931825778
-0.16073893481234547
-0.164920446445288
-0.16401306487702855
-0.15765384333474408
-0.14612393414649474
-0.12759615261274568
-0.11501522585385177
-0.06957621905212515
-0.08037721396742742
-0.09403142570555284
-0.13082217166152751
-0.1464879806051107
-0.14226891223017418
-0.13891709219022863
-0.15029175781218798
-0.3032546715279134
0.18999461608116514
0.6084077394819372
-0.19445413644480286
-0.18998056303523853
-0.18040402380711162
-0.17525517003607982
-0.18751382922619597
-0.16726287328217254
-0.15452922946495753
-0.1638276547193342
-0.16402595827941696
-0.17868720301545102
-0.18755440256303177
-0.1928697560626989
-0.22029984999476715
-0.2527614249309381
-0.2756646864676959
-0.28521459828974716
-0.2599801188161049
-0.1807455976670551
-0.13910601674413392
-0.10946893872997537
-0.12249892942594062
-0.12768530516648485
-0.1300793106335566
-0.12733678463677212
-0.13917842325299024
-0.15877510861397864
-0.16079272939400474
-0.1581722524768667
-0.16254944041463956
-0.17503226658977727
-0.16930018911538205
-0.174699552438424
-0.18183358140160472
-0.16965913721575357
-0.18796717354579653
-0.19837700189220375
-0.15443900891882117
-0.15493722306419686
-0.1268572086210844
-0.14253700609736322
-0.1773845269199824
-0.1835408931930267
-0.21561122274758032
-0.20012178246823317
-0.19764238537193982
-0.19842609751828022
-0.30373280808229713
-0.0063769191459741165
0.48790122088486837
-0.3676748497075132
-0.24675467277658814
-0.24742536180098235
-0.21612111703773357
-0.2379397045374672
-0.22442301911711587
-0.2221051627504761
-0.21269883255430408
-0.21362493348979567
-0.22537790222280213
-0.2372339685438483
-0.22942704235048011
-0.2587643424907453
-0.28711117680806153
-0.3225453436568296
-0.3561453148774646
-0.33516090849572244
-0.2530555693456388
-0.18666259202566898
-0.15371538747895888
-0.14738618007641974
-0.13186036766618353
-0.12478247146004298
-0.12819299868891007
-0.13699427995514804
-0.15382700394548315
-0.1508294796995216
-0.1631409304531289
-0.15862685344856672
-0.14899365150773647
-0.17092165349990185
-0.16768390710319053
-0.15534939229921113
-0.1614773412486027
-0.1592189025408957
-0.15195398700792273
-0.16358058717176455
-0.1461788359929579
-0.12815905772558467
-0.11254921308520378
-0.10008037452711427
-0.12811426382312077
-0.14043825413585764
-0.1447431488346352
-0.15454634419739313
-0.15742301374531348
-0.17627887834307635
-0.295842668084189
0.43314963295686415
0.8647213643211937
-0.2798570043844651
-0.17348333272375088
-0.20154893694798123
-0.19412525046026818
-0.1859464041499927
-0.18568746410129117
-0.19058787754346707
-0.1869770764858892
-0.17912929786802065
-0.1889852989496114
-0.20194223039695847
-0.2173779487724169
-0.2239792312312918
-0.2426922657421389
-0.28608852650311023
-0.3171251768799385
-0.29712725884837704
-0.243261240957886
-0.1560698967587745
-0.10436222663198796
-0.09218148318243329
-0.08938789734181656
-0.09250032385291104
-0.1010902076630124
-0.1069227204091536
-0.10353628831285516
-0.12413867215324371
-0.1298855248727589
-0.13506987425032183
-0.14027781782683174
-0.15244405555665874
-0.1489810415423612
-0.1378312187126918
-0.14065167150797786
-0.1510342573775706
-0.14290588811462776
-0.14920416593573466
-0.1268357518476702
-0.1218303186713533
-0.10631137551450774
-0.0970066472887444
-0.12366460514096841
-0.136755443588943
-0.15232862425524302
-0.16040836412095613
-0.15898294176198716
-0.174239002436128
-0.32728139818995705
0.3115214446587197
0.7372859129000956
-0.1943775332178284
-0.19957499195059575
-0.2009092455718517
-0.19952840603641125
-0.19733418184879553
-0.19463055968782111
-0.20210621328023307
-0.19039268927309122
-0.1874102847157995
-0.19008882484157544
-0.21130620525097166
-0.227357999106563
-0.2521714857217616
-0.28966794121082484
-0.3174591803407246
-0.3206577369808087
-0.2621753411955123
-0.18336842123040414
-0.13575590532857662
-0.12031361088344182
-0.1101256168768201
-0.10062099537023506
-0.10468174115405088
-0.13620554181439398
-0.13920451014360807
-0.14405427734810716
-0.16336006298060635
-0.1580585117515465
-0.1568877789776384
-0.15552328375451085
-0.1604900761179385
-0.15471825451134125
-0.1525601677245829
-0.1606688568069227
-0.16075067615071742
-0.13922144594409958
-0.1141890742699842
-0.11163569374661107
-0.10858526288984038
-0.12270228219907318
-0.12614413813757286
-0.14801481130801006
-0.15288755121030523
-0.14232778986575212
-0.14739610915645407
-0.2491361922799757
0.013645520886907861
0.6877945267202783
-0.21132157019811415
-0.15761359939058356
-0.16442461542164474
-0.15805402667631174
-0.15452215379624312
-0.15482875173453642
-0.15183809506477958
-0.14631438193470586
-0.15511683407116694
-0.155006248563819
-0.1662131904485405
-0.18146902962390715
-0.19810548363959
-0.23627197365721475
-0.25865720111246604
-0.28525135897028847
-0.22160183423582575
-0.1709944862956656
-0.12171550102153719
-0.11442350187827954
-0.10716137429042075
-0.10863243760162747
-0.11539586263888424
-0.13405243434901004
-0.13192732736499319
-0.14756339637085103
-0.15154704887466014
-0.16129553352589768
-0.15585123260925887
-0.15949444191706777
-0.16582557222608924
-0.1666485531891763
-0.1802167840858791
-0.17102384600141246
-0.17978336815859236
-0.1534259149935907
-0.13658315840204713
-0.15225598670850155
-0.1648514980522141
-0.16215535810300552
-0.19806889047321358
-0.20611806384206488
-0.2106516568582249
-0.20269464982852564
-0.278079627928672
-0.0818424131177839
0.3209988823221178
-0.3668261424174718
-0.2459307229556125
-0.23553386268740623
-0.23715410728490643
-0.25723476761695213
-0.25585404433947356
-0.22106491360932135
-0.2294755994608269
-0.2370774137335112
-0.24377721261688945
-0.24765992999772354
-0.24636975494887065
-0.29001229529119255
-0.3383348859792624
-0.3497554484938059
-0.39835476153499005
-0.37764358160655664
-0.3269829763753672
-0.2576363876320772
-0.2220491831537998
-0.1969837594943502
-0.18952421877408693
-0.20153945955581176
-0.19183193095764844
-0.2024625222095714
-0.21291371979268697
-0.21149912557506545
-0.20530165010230556
-0.20428046088070015
-0.1980959989466158
-0.2092437090094691
-0.20537508470223526
-0.1865584092888135
-0.19089475743777914
-0.19743520223522257
-0.20485727513278568
-0.17117658884863846
-0.1521456923358984
-0.1518184595743421
-0.17632575292046576
-0.2144625426258283
-0.20259668283775023
-0.2212506673764309
-0.21964897798347366
-0.2472408230136916
-0.31038377785950777
0.4471657107627064
-0.3294871922550294
-0.26585400111362417
-0.2709046004066378
-0.270312341671262
-0.2517984786326618
-0.2538078341471038
-0.2530352758640599
-0.26467773737369177
-0.2628268470779833
-0.25702452594836867
-0.26199376374815253
-0.27827023847800514
-0.3153367518402871
-0.339903933879069
-0.37489573818890215
-0.38832652732649486
-0.3656406156321027
-0.30010136730124204
-0.22884608302189136
-0.18196551805638997
-0.1586054918877889
-0.16058640808743582
-0.1627004963626664
-0.17448358421986018
-0.18222872090425946
-0.19483873153375586
-0.2066097140886949
-0.21098905811034635
-0.21873457705862814
-0.22672220072484472
-0.21658691013372505
-0.20814042245615258
-0.2157046572182455
-0.20303943745341418
-0.2181561729808289
-0.21109846242119457
-0.18735009414630532
-0.16978932660588786
-0.1466613912639985
-0.1791332315638027
-0.19918805609755366
-0.19234287501059447
-0.20696797925315452
-0.20776232535846423
-0.21560587576128323
-0.38198794842570294
0.3515021406031151
0.48178700931127705
-0.23934256974766005
-0.24105565279032165
-0.26508949914305896
-0.2627020593334026
-0.2638178089456038
-0.2558315683581084
-0.2602265051725472
-0.2641459677915615
-0.26003028029792463
-0.27338197870360303
-0.30102961460193123
-0.3130759931032224
-0.3500911736189282
-0.3785659020139316
-0.3935404144966833
-0.3610709044332784
-0.27540668333857476
-0.18730331503813763
-0.19278782362173125
-0.19471132127571328
-0.20786133409769136
-0.19551861149840352
-0.1941766732808924
-0.20220158522621096
-0.20933740940475443
-0.2118104506980534
-0.21592825832209142
-0.21824534215597544
-0.2117767289140102
-0.24856428504024622
0.28524077948312
0.6500360121546376
-0.3190403131241887
-0.2031933539246876
-0.21672937695038214
-0.21759209601845098
-0.21768019448927067
-0.21409405000451953
-0.22553344283821336
-0.21341695999038213
-0.22133898772854504
-0.22109216701866186
-0.22055288400083603
-0.23446890558854197
-0.26005944590935476
-0.29010002029189363
-0.32506385871282617
-0.36322029154210655
-0.3484161018411156
-0.30146467989318204
-0.2607733825228469
-0.1998518578789249
-0.17490517872582084
-0.1876066391265428
-0.1947190779712042
-0.17113876974972547
-0.18101245048440628
-0.19351748670282748
-0.1747493831711474
-0.18975939677131404
-0.16774417086900825
-0.1701491861300237
-0.1895780078776675
-0.18199169261499631
-0.17377277172860378
-0.1793228019004424
-0.1976352804211497
-0.17328213451778685
-0.2018299982903444
-0.17750859734804167
-0.20255100967452597
-0.19295651723723392
-0.20883778943863104
-0.2037707095787799
-0.19607953200761838
-0.20019157509464214
-0.21367216198819322
-0.1944916700966995
-0.2013705674332009
-0.19651626840589248
-0.19855004953444721
-0.17524867357608082
-0.1788052727815566
-0.1599008848733616
-0.1827654389783698
-0.19559634238998436
-0.2126691349235496
-0.21530159507295232
-0.2171707020224471
-0.22020300844521673
-0.279387106296036
-0.2182057809751196
0.23600664972727597
-0.0448121139574848
-0.28406752874239294
-0.2645394473177758
-0.264159921014531
-0.27087919371812125
-0.25272099630870415
-0.27240205547342017
-0.2627553921232713
-0.23122075240978684
-0.2591121355682185
-0.2651713510655208
-0.26864009921023324
-0.29539811133060656
-0.312513917308468
-0.35455458344088087
-0.4030812008782614
-0.3911527342090978
-0.3682999308543841
-0.3366165319429184
-0.24697406538094363
-0.21327268989808779
-0.2056457048749331
-0.19702705967283476
-0.18614108598607837
-0.20249227549353482
-0.2097427051963799
-0.20026019220070906
-0.2188894041248412
-0.23378426694432924
-0.22750029122013918
-0.236630718558913
-0.22871893226675144
-0.23402396761801453
-0.21728968418277272
-0.22191399819042126
-0.22531978462630514
-0.21449507201448514
-0.20173697504351917
-0.17759077433218642
-0.17000747338341612
-0.1545529321650942
-0.14600144149518618
-0.1745586406023742
-0.1914027356356215
-0.20944657980454612
-0.1987912464087159
-0.1944539443990292
-0.2148504310634374
-0.34601800707808417
0.18183616038075512
0.48603523491444667
-0.26591902618277213
-0.2211480818321721
-0.2301489489476744
-0.2279109492837917
-0.2275662535754801
-0.2229284791193581
-0.22359163579450766
-0.2087844523411838
-0.2062112018536048
-0.21954556754032892
-0.22508777105530095
-0.22613963155359468
-0.25961990730912354
-0.3057288413915584
-0.35345440568011766
-0.34066274475767855
-0.32084377873926095
-0.2442288386438719
-0.15719657411302837
-0.13827688267822363
-0.1226106853748088
-0.127031485796618
-0.1369072841788653
-0.13859131478375675
-0.14098481860113005
-0.13993848613563725
-0.13937371064828058
-0.1550341736221676
-0.16451518355779285
-0.16587039067691434
-0.1557930874548138
-0.1773770824564611
-0.17174536755824407
-0.16217193690129508
-0.16025794082790562
-0.16997221938386453
-0.18122002000902565
-0.1569951808837029
-0.13465278882105047
-0.12376999186900633
-0.1439815040297324
-0.14726209127749537
-0.15653502435831246
-0.16626936558847666
-0.17928258138949912
-0.18805201389871987
-0.2674049942413256
-0.2001059975247713
0.6452193524266528
-0.1085006567873002
-0.23808106790415046
-0.24181457362336795
-0.2540124242023871
-0.24384134602876395
-0.24385438942919688
-0.2394091629530446
-0.2331680353992006
-0.24784433431868225
-0.2493538995413614
-0.2598953271397236
-0.2947393046392474
-0.3091000336896157
-0.3381059228399382
-0.38151462469288444
-0.3979345023865152
-0.358491817493358
-0.27002837363369026
-0.19680217500718644
-0.16899836827638742
-0.16124548870712496
-0.1492769428472715
-0.14509436945019807
-0.15597572334785667
-0.16710081573086064
-0.16473613955388425
-0.18452791858102918
-0.1926402745673569
-0.20570623877042604
-0.19340466896290903
-0.1929265124441884
-0.1930020563056175
-0.18649904285141505
-0.180944548144243
-0.17988937681092115
-0.17876125621085098
-0.14920146257163466
-0.13337836690359905
-0.11241404936155103
-0.12503320867967954
-0.14717026178579035
-0.16333781924148896
-0.16597070644582435
-0.1691441145912628
-0.16403841623549148
-0.31489383387979725
0.29686118432551656
0.9164086622413101
-0.3216490521867985
-0.18827202261610493
-0.18715178256094184
-0.18953791963519095
-0.17212860783617748
-0.17659045018231967
-0.17663005505198087
-0.1760039045550741
-0.17843375468307246
-0.18450127774282837
-0.2007627442071373
-0.21649516724242635
-0.24789180048868248
-0.27092251032104914
-0.2992747268217106
-0.2804456112376068
-0.20949838899659817
-0.12571405091924023
-0.11122613087115588
-0.1084895601451609
-0.105648919875486
-0.11129701203242327
-0.11416907969608367
-0.1278007282823144
-0.15055125051050994
-0.13800676097326506
-0.1332511015431134
-0.15282425006951864
-0.14649585635292608
-0.14881937660289235
-0.14668333999033548
-0.1439829456397319
-0.15997150143583402
-0.13578988507799397
-0.10900463570727889
-0.1049066368014975
-0.11824294312394107
-0.14084494970488798
-0.15935878338567105
-0.16696813077011427
-0.1734974455346562
-0.16407972618528124
-0.1861744669688
-0.30637557033452173
0.15936406136124293
0.2692876425504946
-0.23848386104190955
-0.20505061349390377
-0.19891132618524193
-0.20887074864938837
-0.20825554867222712
-0.20919152942840402
-0.22787669731716093
-0.20700156260445463
-0.2192285782870568
-0.2248910011763211
-0.2244806175895897
-0.2419350028930055
-0.29019400044078
-0.317621793649071
-0.3588669252709523
-0.3648802468403354
-0.35354609512102775
-0.2899832884212009
-0.216512965419356
-0.1731333899274695
-0.174843227903606
-0.16477022351774112
-0.17818879943657556
-0.1918520480527272
-0.18399935161263675
-0.19114981491448954
-0.18705738082027473
-0.19420867045492937
-0.19173426323952428
-0.18173892486485926
-0.18484126679610285
-0.17949373798575097
-0.18224207368587328
-0.1707525126717218
-0.17281469401955835
-0.16621611921818402
-0.1427058534488188
-0.11507790859056521
-0.13397896718404012
-0.15226644854973076
-0.16685958301191964
-0.18911481020325321
-0.17988845634507594
-0.18066228224518974
-0.21329074994405967
-0.3372741073080661
0.29422401691945776
0.40438186123824604
-0.24712854640941467
-0.2392143841095261
-0.22882992621925188
-0.23267769388176207
-0.2285932395620838
-0.2373215577261576
-0.2361474997801694
-0.2314358165162721
-0.23833720614506484
-0.2359907741991089
-0.25080264617750897
-0.265102547229919
-0.30334340440233437
-0.33798675126887845
-0.3666374312783671
-0.35952528311784254
-0.2934631005270113
-0.2234535172248847
-0.18886525563257997
-0.16056503136705633
-0.14915718527412336
-0.14901169718891114
-0.15518982109710827
-0.15970892716422738
-0.17255166339432831
-0.18104495285966526
-0.1853971700576168
-0.20091936634877713
-0.1827260840447808
-0.19064487588785362
-0.1947899683920003
-0.19236741939235671
-0.19972873716956888
-0.18919020408548723
-0.18529766735341632
-0.18727575099778582
-0.17708224464086805
-0.15045981001749764
-0.1375087660403208
-0.13697826727201937
-0.15439551054335673
-0.18345775655932495
-0.18829004656180615
-0.18359180870200686
-0.19384630868067004
-0.21359311819750695
-0.31501360618315477
0.49814826216744057
0.07431010688114818
-0.20911463508466122
-0.2222496606648161
-0.23537290832449453
-0.2385103446524831
-0.2388450036704214
-0.23293454406698083
-0.23347809189458602
-0.23006817806975632
-0.24196922840316668
-0.26600527283776865
-0.2775821159945014
-0.29931087210520896
-0.3210416325679245
-0.36099522752977803
-0.358902933178074
-0.37129194872309734
-0.32517595966469043
-0.24239959353347934
-0.15346423847673588
-0.15238974441088773
-0.15835240375694368
-0.163195898202861
-0.1866204284716137
-0.1819755066781718
-0.16656077141195186
-0.18301552971009488
-0.1995795324480945
-0.1999767934102485
-0.184334072157416
-0.2009791507418856
-0.2099890833568045
0.4619265982401791
-0.006421116839437177
-0.25493398117516114
-0.19092966141737844
-0.20137407176181937
-0.19840101348245237
-0.20472380113059713
-0.1971802701976243
-0.20157972161088422
-0.21663334458223202
-0.21773788153592322
-0.22631514328855254
-0.24263655396196837
-0.2685762956653154
-0.28811679085642733
-0.3270752512474691
-0.3588939508826876
-0.35296956316092565
-0.29904645709273153
-0.24803133332176663
-0.20078778364294075
-0.18494046639588868
-0.17762462876382734
-0.16448448234358412
-0.18424254871071433
-0.181419957143565
-0.177621526619286
-0.19509053666499737
-0.18209164687232093
-0.188229488742112
-0.18947057512376766
-0.17743073389638175
-0.19904701966355381
-0.2004831423722248
-0.19419431376851776
-0.21086793658654723
-0.201635488742112
-0.20735761798126567
-0.21136884738231632
-0.21971849326181064
-0.21568501458581882
-0.2253775969316229
-0.23545334013269498
-0.21525273396121639
-0.2222036454405136
-0.23986857309427445
-0.22370275353435387
-0.22921988027202647
-0.224523955441507
-0.20618889990425426
-0.20195867009051047
-0.1960680728416878
-0.20011543255789405
-0.20623267008174295
-0.24058397529199216
-0.2565522557788743
-0.24471280120843536
-0.25053976063631855
-0.3234514211567972
-0.23151939281942574
0.06803526848632019
0.45182112087199444
-0.41561532305663246
-0.2925672145299553
-0.3079938770405849
-0.3026415211249294
-0.2854699882946157
-0.28844958916702335
-0.2967389289379426
-0.2887102308352375
-0.2881888365669715
-0.264787695455893
-0.2790910569831393
-0.30988588516162113
-0.3197027538521293
-0.3403116091437675
-0.38697181262487457
-0.4096000780832682
-0.43631290456107336
-0.39489875196066104
-0.36687952001527707
-0.28021716160151333
-0.24359118292402493
-0.21638752007777884
-0.21538919181704624
-0.20940180016493026
-0.22057652781015546
-0.217409384239798
-0.22311784311353705
-0.23519290353928715
-0.2390633156748198
-0.25510608578091476
-0.2505783554009744
-0.24267291565273225
-0.24581327041620557
-0.24641177041041623
-0.238294856781314
-0.23396354163337202
-0.229564744813548
-0.22954668464508524
-0.2205539967969084
-0.20647219262419436
-0.18549760475964575
-0.1514272274173055
-0.16925306143144075
-0.19745925516713578
-0.206149157588637
-0.20271669985640983
-0.21265205824997457
-0.2167022553929198
-0.2826345758102193
-0.12334360910507687
0.49049520150428155
-0.3879117489121531
-0.2321302343765686
-0.2403852869476857
-0.24615009416990152
-0.23820133851300906
-0.2322868989645031
-0.22647184799506112
-0.23351496262921662
-0.2193455413433062
-0.2192198369578539
-0.24308300366504498
-0.2470749514697288
-0.26287573575170864
-0.3023595281405793
-0.34460678214047075
-0.3527460710936712
-0.32690804774404114
-0.2648423575969432
-0.18772231493555044
-0.13630240695763302
-0.13178011696586253
-0.1253025865034638
-0.12728735128535484
-0.13199058948504117
-0.14452499189346735
-0.1506574610535208
-0.13781404087248653
-0.14801134191891516
-0.1598748613763289
-0.1618883096900845
-0.1597266832823795
-0.15450669823778265
-0.15283115661417893
-0.15423664556708822
-0.15538319167373837
-0.15403339326047644
-0.15991911454066282
-0.15085564070282192
-0.14101847993857236
-0.1190541183311401
-0.08977297092842976
-0.12038620302565707
-0.13394874103198873
-0.16291058188986113
-0.158120903640519
-0.16480266909509117
-0.1743692893114338
-0.3132357794186007
0.22388192865982998
0.8915759806431891
-0.17586617326288015
-0.19442525388971077
-0.20607424824605453
-0.20036691171906462
-0.2082286746333652
-0.1998359348402185
-0.21215267507356356
-0.2029440509825567
-0.21970041182305014
-0.22946264431241462
-0.24764808716107733
-0.27550695694524485
-0.3060474585356421
-0.33560276363161234
-0.33975339091439366
-0.3035877833442728
-0.22034358785283253
-0.15394162182986762
-0.125835185030296
-0.124930417697059
-0.12060805760633145
-0.13025225409353736
-0.149625899064358
-0.15414181389259218
-0.16670791207517272
-0.17165688410010888
-0.18544403098756573
-0.18968665065046036
-0.18253065157814727
-0.1849724457125525
-0.1850762758923814
-0.17400044479349486
-0.1749476987054359
-0.1767248616571435
-0.1819905461878744
-0.15393668228551
-0.15535079925744444
-0.13189981098733122
-0.14760144247457638
-0.18156898794545162
-0.19263608608581168
-0.1995109221769183
-0.2034122659013563
-0.21047933499114696
-0.3667775824240874
0.07008688593362312
0.7381185564176677
-0.24782193780779235
-0.2385790699641958
-0.23446764310732426
-0.23629595138575227
-0.24604125420912606
-0.25504467972702594
-0.24035600240184707
-0.22982840672181998
-0.23112672207349724
-0.25823742284102524
-0.2630823920891139
-0.273765432326321
-0.31777284905381775
-0.3446793024152395
-0.3505575216838738
-0.3205091533379829
-0.2711024937330249
-0.21325848583067253
-0.16580551427826595
-0.14535274193888473
-0.16173668476730596
-0.1672384304768782
-0.17257043393682786
-0.1852594312309563
-0.18738958184802412
-0.2066424165880662
-0.2128571512751568
-0.21268381808128356
-0.22365218521928865
-0.22024091260483
-0.20640284042456825
-0.21796583984228118
-0.21294846985138968
-0.2222612886843938
-0.21678938213711813
-0.19551388602222458
-0.18972873603130927
-0.18145145627436082
-0.19513457896424402
-0.2149822608761015
-0.22654649822929185
-0.2420437217135649
-0.24451461854867795
-0.23952233718523985
-0.3224243996093883
-0.0021608824225327304
0.4228730732642342
-0.3101196865339104
-0.26105012944395867
-0.2773080026201839
-0.25993931693849953
-0.24145998059948348
-0.276113791661014
-0.27232659700595085
-0.2432108426662879
-0.2857185799712121
-0.27342682482685793
-0.28646608990919475
-0.30542688388683403
-0.3504963375589386
-0.39833328665721457
-0.4352032138876888
-0.4050363763573469
-0.3386788755128798
-0.2628354658362434
-0.23983695450157955
-0.2403233082546603
-0.23757307655123977
-0.24407529732014854
-0.25426374620168296
-0.257921585113695
-0.2529974216097295
-0.2633394108435623
-0.2615830165195976
-0.2696786985091932
-0.2735793298183651
-0.27462079198211203
-0.2723232828830524
-0.2765789093461894
-0.28020205886629246
-0.2762022677109115
-0.27001035410339547
-0.22446750457973758
-0.2209627946341406
-0.21966389464393454
-0.2399296499868748
-0.2556508096324074
-0.2520387319794842
-0.25029544626814126
-0.25457166549949517
-0.26086421036969093
-0.38159532749372316
0.15022802924238926
0.6749437500603954
-0.2462008186632149
-0.28283832623879535
-0.28193445124866046
-0.2829960457381332
-0.2747642833143069
-0.2760808276850316
-0.2721246557374416
-0.2675089592738361
-0.2557559692962703
-0.2657452832761681
-0.2753453126250192
-0.2862048522617574
-0.31272521845018575
-0.34964017364252076
-0.36759845517438416
-0.37524596194684623
-0.39223603905533105
-0.32114322992420674
-0.232779448649731
-0.17891219967256794
-0.16478479702991716
-0.15975761595210042
-0.1652131635445239
-0.16548338648577546
-0.17020224657114724
-0.17356828683431844
-0.18917338981060378
-0.1916141449107912
-0.19237306700422235
-0.19403621610080946
-0.202512196579742
-0.2006284908453959
-0.17470935187617942
-0.18877409310297133
-0.18872011913083775
-0.1766030234230111
-0.19177530746668608
-0.17451575743698927
-0.15300249603841307
-0.14547776425766984
-0.14257224402492819
-0.13985931607338667
-0.16199744656313217
-0.18632674984694408
-0.1717493887944006
-0.1824820877144892
-0.184453575850491
-0.23061995595023677
-0.29215372428509223
0.47135027347101704
0.44764805454832224
-0.20160040025727854
-0.2082643190655685
-0.21916658648681697
-0.2260583188404489
-0.22463237629641136
-0.22406461282844503
-0.2235044926792467
-0.2198877803868609
-0.21480510930669836
-0.21178447467067102
-0.22976352641584621
-0.24901828835602657
-0.2609520780997587
-0.28062829209808976
-0.3203497144868189
-0.32827321536716786
-0.32875395676827146
-0.2839530060920875
-0.19091667010440985
-0.12500731833574194
-0.10636710164819915
-0.10328859974758459
-0.1061974221421465
-0.11689415848866011
-0.11649882736096533
-0.12327508462780726
-0.13000443911177179
-0.15269390119313203
-0.14925789923561938
-0.17380751773705377
-0.15894947360422296
-0.15687161136920122
-0.17337982996058898
-0.15242433418389834
-0.15446810098974528
-0.1580097529257786
-0.15778226169492335
-0.13477134931666448
-0.12241139136717916
-0.10604720224215036
-0.09831010147480218
-0.13103284420037972
-0.1464148209513859
-0.1565056801664284
-0.15990343172767438
-0.16220947113494283
-0.18310048678384894
-0.3299821582694104
0.30600176773892285
0.9370895925642369
-0.2842792929883152
-0.1935946754876511
-0.19630910171423072
-0.20042649526808098
-0.21003655171349306
-0.1999524705313363
-0.19263133342018357
-0.19457624854280603
-0.19580731601488205
-0.21292898222447326
-0.20329021444317374
-0.21616013428032368
-0.22857216899476135
-0.2640447300313914
-0.3024070429013246
-0.31466892499450155
-0.3009686893688987
-0.23765594054303024
-0.17354675712952178
-0.1130322955622885
-0.10441916139422103
-0.11088909812785042
-0.1159934664106284
-0.11460020001296803
-0.13558789957979336
-0.1355436464172108
-0.14150293027367056
-0.158173753495768
-0.15855977881048774
-0.16207092431844317
-0.17430509934470884
-0.15688621002923264
-0.17184520441895212
-0.1839531416966112
-0.18413801263001445
-0.17116945341044829
-0.1813219701024651
-0.1590636436895234
-0.1353632211439059
-0.13366255606662325
-0.15901495297720758
-0.18383156570632958
-0.19019180458536689
-0.198047679172535
-0.20167879076488116
-0.20701804857850725
-0.26904797513344825
-0.08435408827868598
0.43981036548835306
-0.3912630689377161
-0.24089757313520838
-0.22547736710738314
-0.20490598364471319
-0.21796534752739596
-0.21461921266944078
-0.24425761692037457
-0.23950593564672162
-0.22721179159499066
-0.2197799880536837
-0.22966304589926456
-0.24828635011031472
-0.28641763967629374
-0.29258425314533654
-0.31902463362289574
-0.34096533690634034
-0.3538455285670329
-0.308437646732043
-0.2297869033181245
-0.18811163874603193
-0.18097857797653366
-0.19945056086805607
-0.16671847994536532
-0.18745806530686782
-0.19900658229157903
-0.20404555783295875
-0.20475992934409384
-0.2184195538731657
-0.2305552286688528
-0.22639183084524744
-0.21183344781543526
-0.21572570109684486
-0.21364364836764055
-0.22578565960520658
-0.21661974618190744
-0.20189615112315368
-0.19664600266137872
-0.1884631972091139
-0.17112225817280827
-0.14924086811680776
-0.17005394433697804
-0.19346924597253015
-0.19057617550335326
-0.18731738438957313
-0.20018983853260477
-0.1925054383038401
-0.28979852305730586
0.11439369642696404
0.60991479616038
-0.28369304002596446
-0.1911084305712244
-0.20364156741808814
-0.19752414374329386
-0.19628298013773365
-0.1971003303200805
-0.18967020387866645
-0.19674994051647227
-0.2029088079046501
-0.20204703272213492
-0.2006109808762374
-0.2197092885106291
-0.22101120141028702
-0.26049764784798796
-0.29986070844666335
-0.31255287302827817
-0.298172752302422
-0.21558282489044817
-0.14284940371011126
-0.11151087251268028
-0.10466996358562863
-0.117002419381294
-0.11127691005939136
-0.11119051635914423
-0.10348040098506567
-0.11249488365612592
-0.11824940295185803
-0.12061530557423711
-0.11934209885535552
-0.1257269726964817
-0.1383137241678515
-0.12746239180657937
-0.13483443359619146
-0.13182465378526598
-0.13879931071858165
-0.12375299655377203
-0.1282426168001366
-0.11763131446117978
-0.09534730591769561
-0.07890019298256762
-0.09228251628435338
-0.1146592537769096
-0.1476655238117533
-0.134120750143935
-0.14893694586565415
-0.15095595633132125
-0.21930873256488842
-0.10085135914035746
0.7795324092874288
-0.2056667617210875
-0.18438695418812942
-0.19835948293173544
-0.19980916442828076
-0.2002290122158722
-0.19837536531618993
-0.19958343969982995
-0.1918117715680855
-0.19598535477725093
-0.19989716002999866
-0.2259562304459784
-0.25557208766207273
-0.2796323523346831
-0.2985058502676727
-0.3241666815705831
-0.30275817596705523
-0.22611929386379476
-0.16753123844336354
-0.1151368433927538
-0.1000411996417648
-0.10394866634557798
-0.10502965821267078
-0.11664371202919928
-0.128275295541596
-0.12377612024688484
-0.14311639362938322
-0.15098296245854412
-0.15760908412607186
-0.15560683553338173
-0.1641807323467236
-0.16141747696285969
-0.16776353508500247
-0.16394881558769317
-0.15310430624544907
-0.13855248119928115
-0.14639290965369023
-0.12780624416997396
-0.10735862502288476
-0.08792374097117892
-0.12002357592157079
-0.1378838731417597
-0.15417544070704667
-0.15239973138937118
-0.1496128845710772
-0.23087544028672294
-0.3589565952609901
0.22038197772245455
0.8441699526320172
-0.18846791444662367
-0.1835406611952812
-0.19273978509011128
-0.19892756334243897
-0.2055463373102478
-0.20063878165554566
-0.20268127312075462
-0.19122199402914258
-0.2024765728816569
-0.2136467227061697
-0.22302872184890773
-0.24524283020411114
-0.2850743349715011
-0.3208635169191606
-0.3208915023041521
-0.2698740257494282
-0.17759252955283633
-0.11508401568341889
-0.10794560806196313
-0.08911236677155585
-0.11049265390138921
-0.10639142761546252
-0.10822065908797687
-0.11598599745059868
-0.13308730013306358
-0.14599452352419726
-0.15940312549952557
-0.15682403306918463
-0.16018953144501336
-0.1653816535508183
-0.16181022642790416
-0.14914054432282528
-0.16114202675137615
-0.14878093362201866
-0.1607595782821951
-0.13545977124292294
-0.13201014693063293
-0.11760552170536967
-0.13973535408203336
-0.17428841138028683
-0.19943401480759015
-0.1983595403129949
-0.1832063182901782
-0.20875092829284184
-0.338907786551921
-0.0004313969901684825
0.49518884271822927
-0.34599581053573225
-0.23386590025584444
-0.23134332005542424
-0.2293416270231126
-0.22554971773493
-0.23147842924427578
-0.21522381408895624
-0.22833416646465984
-0.21534884099442342
-0.24453022057709117
-0.24366475775327728
-0.26545876549385344
-0.28870770210557123
-0.3348604776533496
-0.37257933161073814
-0.38122005995617375
-0.34245295109388113
-0.24463939778233357
-0.20125325249984632
-0.19057407565243334
-0.20112882575975716
-0.18858665553778986
-0.2129756735310177
-0.23358483057411403
-0.22039089630689326
-0.24955327823945053
-0.23117279246554412
-0.25898147760155665
-0.27394940842426146
-0.25725920846746375
-0.28112169478787463
-0.24948848022469583
-0.26296840786156617
-0.2679568846983234
-0.28175406442121137
-0.27263841966530133
-0.2457856769875209
-0.25427177930901446
-0.22481020200112023
-0.23102297070771735
-0.26202279004230455
-0.27342430292475495
-0.27426919260943106
-0.27426159269160855
-0.28147578757946606
-0.34648744829291744
-0.034216068075677036
0.3637049594756604
0.39238017079780463
-0.32331555450396077
-0.2874104643691303
-0.26184443329768065
-0.2574731904653387
-0.25481939365717915
-0.2598358952569214
-0.2552690182702135
-0.24630511604748953
-0.2463973916690999
-0.2498977891151276
-0.2767822513093225
-0.29164207397029557
-0.3180230033999423
-0.36313550106278214
-0.3840383871985522
-0.34581513416239584
-0.26127505755078395
-0.21154008901388568
-0.16012945716496046
-0.15814769720340943
-0.15029688850539324
-0.16793327765699134
-0.15886910292144066
-0.16758771267554526
-0.16910831335635315
-0.17397786994146
-0.17817272212945318
-0.18585816035339103
-0.1784071518992318
-0.18977584545208795
-0.18330632835248795
-0.18763336338691566
-0.1830209007417672
-0.19778445149222715
-0.18111960946612873
-0.182995691760236
-0.17855874785560266
-0.17704693729471171
-0.16634162954785753
-0.14709759143549697
-0.10406800061031835
-0.12233284029249514
-0.15434630002529992
-0.1687392037894437
-0.18637159601139208
-0.1763882131219871
-0.174038241243766
-0.1813124980904754
-0.31894669775996015
0.1955164249986451
0.9100975319286826
-0.2076990564074554
-0.19724137828004729
-0.2084916693066851
-0.22269150611221808
-0.22199349529205517
-0.21169501326790902
-0.215295078850054
-0.2106944100825042
-0.21868877704829837
-0.2171049346377626
-0.22085221705633512
-0.23466169281971647
-0.2598531859608394
-0.2911582200850857
-0.30895769871504747
-0.32734550493487874
-0.31729459474739696
-0.26780746156529633
-0.20123596890315548
-0.14885567033057226
-0.10770088931679538
-0.10153667435864183
-0.11438207973986125
-0.10455597750040052
-0.10862539843924049
-0.10568993073592517
-0.10951595515023121
-0.12340508516861022
-0.13437313731643755
-0.1340458208267863
-0.1440144628487126
-0.14112956745191468
-0.14705281366338283
-0.13681552553982101
-0.13152578609273832
-0.13012414367938496
-0.12028568179039498
-0.13365794958328497
-0.1277897955696871
-0.1088712737000078
-0.08709438702279619
-0.06941911872140524
-0.07554649562441303
-0.10909023799690029
-0.13644965748262938
-0.1461263750075903
-0.1324685499425609
-0.15278696818439705
-0.15194692020866088
-0.3006833099570899
0.21358249820599262
0.8155099647663047
-0.17198806035285766
-0.17730737432054008
-0.19121562258605787
-0.19188992638675517
-0.18763453552522064
-0.19461922967332124
-0.19573136148530712
-0.19091575333460606
-0.20215409898128503
-0.211044293096505
-0.21706888976237573
-0.23407863104925103
-0.2698946442313487
-0.295564204210972
-0.3155661100215035
-0.3375731847172795
-0.31760194941871944
-0.2347565747547275
-0.1590622116842637
-0.12150642635630746
-0.115525473608215
-0.11009685936525897
-0.10924167295320242
-0.1307606412531758
-0.11527724658608156
-0.13024313063787493
-0.13716140082347386
-0.14075736181248377
-0.14633354936016435
-0.16821088255915712
-0.15767874330147652
-0.1587111891821285
-0.14409778200731896
-0.14994832367558483
-0.15912425959551596
-0.16654737529914118
-0.168181154435764
-0.15609387990305273
-0.12832519925963048
-0.1125752087694311
-0.12975094896290204
-0.17637068780190251
-0.17929343583192933
-0.17953880443456782
-0.19592035604221958
-0.20464198657097066
-0.2738899010710414
-0.24591705425435895
0.2978672494164164
-0.2778221572208267
-0.25107611720076484
-0.23577849166603793
-0.23293419528777176
-0.2524500968205444
-0.24746217530349848
-0.22498572622443624
-0.23449581320573554
-0.24474477956219307
-0.24487343874524023
-0.2387280031327397
-0.2582150608440955
-0.28254931141233425
-0.32153796177384025
-0.34415323419516575
-0.3701699878092264
-0.3910644342986173
-0.3402567010493156
-0.2600694003542312
-0.21957382079619403
-0.21681042582367605
-0.20463225427416204
-0.20635043884263576
-0.22670986494594203
-0.23531863156892355
-0.2460193075642071
-0.2662994483610682
-0.24596856077959706
-0.2587693258389477
-0.2803607626559547
-0.2708993216257228
-0.25475216796020883
-0.278113664938218
-0.2737354086924005
-0.27244512969110435
-0.30281345439395047
-0.2698155955448659
-0.2547117344953185
-0.23040269409040157
-0.2603436503724966
-0.2696627493483628
-0.2937616859428457
-0.294107628592122
-0.30185075909145875
-0.30364292144226207
-0.34127884749593446
-0.33966269062742593
0.23856439920991224
-0.4368617899029194
-0.3059967507319512
-0.2826842282255211
-0.27945878471241115
-0.2757792725128829
-0.26342494565183017
-0.25037696463699216
-0.23622118065191428
-0.24360237009303082
-0.2501313020275789
-0.24687662410803646
-0.2580200354870861
-0.2862768681339259
-0.2966727635936131
-0.35332184860737187
-0.37836573783734195
-0.3530758800684699
-0.2587062640562662
-0.18616751414424762
-0.1583344457144563
-0.1602541388912983
-0.1476789050505463
-0.15447904945114901
-0.15720100899848843
-0.1610215762563601
-0.15981840670921973
-0.17431880229467422
-0.18154084702345058
-0.17886565568879254
-0.17066731066895124
-0.17700081859166444
-0.18089494979501208
-0.17469456432622732
-0.16918584731045386
-0.16908788996363971
-0.16833095232373768
-0.1689928554841632
-0.16751801094162308
-0.13165395871256402
-0.12166633951953981
-0.10322921460509409
-0.13819804083657303
-0.16694921940763569
-0.15382939171001056
-0.15616553148139045
-0.15929695192294002
-0.17813738589003825
-0.3131105075212761
0.4371519943407183
0.6362467638011216
-0.19456440871735137
-0.20013411354609134
-0.20735150555829163
-0.21558936492938455
-0.21328932210842003
-0.20171537708736775
-0.22113395186515794
-0.20267697556814027
-0.2102388221424749
-0.20819872930785122
-0.2392780299850293
-0.2529574703696492
-0.2689999582482337
-0.3016180061227351
-0.3287757341864056
-0.32218557283909216
-0.27661569869610314
-0.17960284619083558
-0.1226523151806391
-0.09704108529375184
-0.0814572987036957
-0.08894028638995533
-0.09077872900946057
-0.09316638266329108
-0.09371845968925023
-0.11774530990374661
-0.12380236127734265
-0.12632073450560216
-0.12401949854516525
-0.13298848463260063
-0.12464276107382449
-0.11604084561351068
-0.11001043685460268
-0.1108978250409628
-0.11538122547324034
-0.11697111289320111
-0.11691833737278187
-0.0915367776426256
-0.060103319039745993
-0.05335565785966973
-0.07916398613370831
-0.11384743702620995
-0.11911130598087072
-0.10946894210609695
-0.10926016320207643
-0.1512734124396031
-0.266044089488409
0.3126077322027209
0.6734516250401634
-0.14039271435110995
-0.16169424998105014
-0.16053086550341503
-0.169006083001025
-0.16636757472563937
-0.16123298127940452
-0.1600126906868716
-0.16480657637975077
-0.1793423902912089
-0.17903173953001167
-0.1951874016065011
-0.21776121909731538
-0.21998377427677995
-0.26770356844196264
-0.29816187257191074
-0.29770203180654
-0.2285812860045545
-0.159160138552843
-0.10717755981884283
-0.08077251080453202
-0.0767989240491661
-0.07723763245829891
-0.0834272711744012
-0.07607219400913783
-0.08762898438491178
-0.09502096366019439
-0.09047154258106246
-0.10526439316943205
-0.11111399511108835
-0.09673640501691
-0.10619870932138227
-0.10323838588118145
-0.09060248583138628
-0.09051539382757609
-0.07483613269368518
-0.08918653295529735
-0.08993907092385306
-0.06696239320454353
-0.05688550863510891
-0.03615554916526247
-0.03933809967083056
-0.06768275617546982
-0.0833190399552506
-0.09892163668676843
-0.09864607942011819
-0.09130301264276637
-0.16448185932507864
-0.13558256715805508
0.48276478463444605
-0.24295916867987588
-0.14339403414374643
-0.1281235013345443
-0.11461256785159193
-0.12978314442625466
-0.12541044294541337
-0.12917131734139548
-0.14394163854628023
-0.13041431524818506
-0.14298610455575655
-0.14416430694271726
-0.15266157665523078
-0.18914912043365384
-0.22012957028219854
-0.2513419627925242
-0.27159690368238393
-0.259336749723285
-0.20446228038399017
-0.15447677439644786
-0.13727068584390434
-0.12185143971562674
-0.10229223571100679
-0.11168340719675168
-0.10509210674572214
-0.07242809223926604
-0.10121584310286985
-0.14986766344360114
-0.16652764110849266
-0.19274440991950603
-0.17118309999316877
-0.18705059041935618
-0.18998129129986463
-0.17703814585320898
-0.20325561183839236
-0.32393519044005586
0.2407493578185873
-0.1921138972735636
-0.2155124093618757
-0.1741784602533876
-0.2100810941615155
-0.188683164314488
-0.20009608361779516
-0.20126401310027475
-0.21308988955312225
-0.21489568531204548
-0.2076026195575907
-0.2046134332340908
-0.20918736542447322
-0.230527496822373
-0.26645591616333525
-0.3152184119332168
-0.34877406527048493
-0.34790323040019744
-0.28290832407156874
-0.21090933732246658
-0.16883504072520691
-0.14141844825832453
-0.1371314587873197
-0.1365488587841941
-0.13610484477470208
-0.14563014135918695
-0.1454596868647486
-0.13438197865904006
-0.14086188958261087
-0.12966256679135893
-0.1277092341177804
-0.12870347547322708
-0.14015310912886736
-0.12538345626749972
-0.13421711022686625
-0.1391934480087639
-0.12754080697710335
-0.13559459134709206
-0.14218006424722632
-0.13830842657179832
-0.13415339774465826
-0.14026548428632102
-0.14783872842570261
-0.13059546353925192
-0.13281999124256452
-0.12907805143512438
-0.13059197531950084
-0.13083484172415605
-0.13078172990765943
-0.1139769361721768
-0.12430746825196301
-0.1099087419535976
-0.09690231563529231
-0.07325619586166693
-0.08812622126606151
-0.12089638783052667
-0.12589178587989072
-0.1329365785956439
-0.1307275640936439
-0.11627826035944244
-0.24298801238663947
0.14139073276524863
0.9243706320367993
-0.17564005235254618
-0.15300786936573318
-0.17538883310083875
-0.18409923549436671
-0.18063110646506997
-0.16730319210835465
-0.17563395562189343
-0.14729389050335162
-0.16918079676920245
-0.18283614230131617
-0.18634372624585227
-0.20316296219118518
-0.22452976043464362
-0.25784650476887827
-0.28301328983503915
-0.30437732119084654
-0.29565740098101684
-0.2462807699638708
-0.18693167602171318
-0.11393290325606928
-0.07640878171993595
-0.07128599758779997
-0.07229137549218068
-0.06317705376792579
-0.07271642113491143
-0.08637384102073438
-0.10020132244802252
-0.10986245827149527
-0.13014686088610672
-0.13858214014866196
-0.14608999170324644
-0.14168696537173645
-0.14634692963875376
-0.1436082409970094
-0.14816958080747378
-0.13731970914850208
-0.14386962080784166
-0.14269885189880127
-0.15557979426969398
-0.14431143071277325
-0.11991360909076478
-0.09716346268891571
-0.09417070169696207
-0.1124966572825271
-0.13218255851016447
-0.14574481818050242
-0.14577423397893324
-0.1531649578788282
-0.15368701933207599
-0.2828767221341793
0.10527730893667989
0.8116269391543671
-0.18866085930200904
-0.17396105742541026
-0.1900749262301809
-0.19120420111328917
-0.18008146953085757
-0.17666354493998593
-0.18846696204055396
-0.1870741434270447
-0.1744879222930878
-0.18882530820362567
-0.18168548821418912
-0.20522791865597273
-0.23680966925982633
-0.26665255002932464
-0.29182124991611713
-0.3219873879029923
-0.30074526617624
-0.25006960112126436
-0.17745017921701145
-0.12554367281074472
-0.10212321718186809
-0.08710420426762777
-0.08853074795893698
-0.09612333044767409
-0.10193737963237956
-0.11046164054931756
-0.11385712570612133
-0.11602060770734077
-0.1269918930937841
-0.1293700188882926
-0.12095510913853755
-0.1083438837743046
-0.12020577881037695
-0.11767176514366604
-0.10892635990602435
-0.11016945073978375
-0.10589411806825233
-0.1055453800985805
-0.0842919116915698
-0.09211244818651851
-0.07415915426766423
-0.04910336073918044
-0.08599413123385918
-0.10020368667804005
-0.10522272228163841
-0.11478974356679668
-0.11926760856764948
-0.16855741974025734
-0.1761532700102334
0.41497959302727916
-0.23799387225059374
-0.15098091094770538
-0.1442083166647251
-0.15141180912900243
-0.14791182117735008
-0.15027292002974357
-0.1607660762855201
-0.14482228955089274
-0.14451355890235945
-0.1640464553840222
-0.16190428204090962
-0.17607497321566357
-0.19862042192594698
-0.2511258889433792
-0.2869173910753511
-0.27195796461419336
-0.23444527585307906
-0.18748873386886475
-0.10904754881190029
-0.10348442019030105
-0.10467052046686154
-0.08410114771989222
-0.11020929589864471
-0.127810961356356
-0.11546102577866699
-0.13710123039276123
-0.13022053159151617
-0.13119121069615763
-0.13992539970565765
-0.12590718416461594
-0.12717457172508817
-0.13055770722881993
-0.12922066768251814
-0.13676133335454704
-0.14534567261955403
-0.13970554877073715
-0.10506777121978936
-0.10358752818138214
-0.10481383941388286
-0.11748200624978433
-0.1479094575773467
-0.15699301804926893
-0.14796693076946077
-0.13242833582023417
-0.17953100498189184
-0.16633931350795145
0.389788147304186
-0.33473223431401455
-0.16670633221063344
-0.1503515693590296
-0.15914496471839473
-0.1498479925603009
-0.14240227256567947
-0.13767615513454823
-0.14050855005093515
-0.13673575681511912
-0.15053254509102915
-0.1464644608800251
-0.16736759488778058
-0.19498351678350284
-0.23918533903372619
-0.2720861695258022
-0.27285252183714426
-0.21014659409191372
-0.12716171828916648
-0.08333247726128315
-0.08650615978124807
-0.06717480803546633
-0.06962980682480624
-0.07179635915594051
-0.07055579887585897
-0.06777782353946153
-0.0897389693322102
-0.09974307377803672
-0.09779237106192987
-0.10798800492231618
-0.10059366639771718
-0.09756409929830182
-0.10365913611821831
-0.10524807962291793
-0.10057602369728581
-0.10115103534734479
-0.08849150596775902
-0.08324853038989753
-0.06551346227937986
-0.04093992550003135
-0.039118131885901936
-0.08380554525623254
-0.07945597393933956
-0.09302555135945428
-0.1043334313540089
-0.10426741957510946
-0.17687950508099018
0.025563317032342034
0.8457932301184998
-0.16129378902400837
-0.12747976105272057
-0.1445516143637558
-0.15910187598539735
-0.15109597813084943
-0.14580808113024632
-0.1430917660428001
-0.13481417464887913
-0.14071237437248174
-0.14566725219897775
-0.14784482504975494
-0.18103117636788885
-0.2026112747220825
-0.24222474761049745
-0.2555816302260401
-0.27268005445730514
-0.2569628966099535
-0.20452992378543666
-0.1145678000352882
-0.05875520202960926
-0.0439425923902758
-0.04505478031773046
-0.03957008748859545
-0.04713430614159203
-0.050407345445341284
-0.07608006484484557
-0.07380946305693685
-0.07655966779341927
-0.08938724892541955
-0.09320012875240141
-0.1064839137412543
-0.11226861639277849
-0.0968177262105144
-0.08710468964349913
-0.08684408149343109
-0.08367182572168277
-0.08898839143134585
-0.05466703284677343
-0.04071202895848491
-0.031596135804588914
-0.03406594953267267
-0.06550464817978131
-0.08531481941919092
-0.09321322930569184
-0.0978867880768449
-0.08682334191443758
-0.10795296904519336
-0.2596339781259957
0.3306065848757255
0.8052672848814055
-0.12758526673535578
-0.1251777663577093
-0.14225610607658767
-0.13443449576622496
-0.13747224965755508
-0.12601459230000853
-0.1205855833938981
-0.12392751291377618
-0.13073872661508498
-0.1364523447449701
-0.15105227809791533
-0.15068375481049964
-0.18280224788131078
-0.19934555644691965
-0.23703750818845395
-0.266061924441351
-0.2527816938359138
-0.17021430596054482
-0.0935953817778872
-0.053280337326917185
-0.04562074970182528
-0.0389920083649296
-0.05000519160403827
-0.04783435123114406
-0.0490445958832053
-0.044293730886648716
-0.0407654998824829
-0.043727964016045076
-0.04382486832642545
-0.09641749478704176
-0.11768069163524252
-0.08712700300646428
-0.09145877364026012
-0.10407766662123491
-0.08919344363895594
-0.12733729707366687
-0.176479522236284
0.5719570722942087
0.04460696437905427
-0.10518931884390123
-0.090571939720661
-0.0984578990259229
-0.09129915223636076
-0.09175037103837935
-0.09064125505995081
-0.0996921183449631
-0.09173098608572144
-0.10140805377003136
-0.10571150596510362
-0.11751459431395767
-0.14339388045318957
-0.17191138645965054
-0.20082546140942706
-0.227763888897686
-0.22154087546581974
-0.23630277471393257
-0.17431603338133334
-0.09506972763066657
-0.0665974560886495
-0.06388876685738873
-0.06919414080387325
-0.060232735819747155
-0.05652303060030614
-0.0747245813608643
-0.08097273858377782
-0.07861996485958574
-0.08390455733454447
-0.08173702463545009
-0.08727040061949214
-0.10460995349506916
-0.09015518186882855
-0.09040378989981199
-0.1022187734113353
-0.09737841319446484
-0.09866122227689635
-0.10106746572432515
-0.09510140926860336
-0.10222114771481199
-0.09640469589278662
-0.09450322437852199
-0.10160835612890093
-0.08774462319497939
-0.09161916134840085
-0.07557565304722146
-0.1016231779557861
-0.09637008710615236
-0.04967176828661986
-0.05646215428242371
-0.051634421218945
-0.0864787114638675
-0.10272549710613066
-0.10362657530528556
-0.10369621073959517
-0.09640272752891574
-0.1571901320182613
-0.20847802472208135
0.22066166658832598
0.4343998894833271
-0.1922114465461769
-0.14873578090968995
-0.11844799931516722
-0.13887081270331178
-0.12256513208794541
-0.13391746587653053
-0.14300520208647693
-0.1028779136285314
-0.11468381950201964
-0.12191940415410357
-0.14215931399997145
-0.15117005495789634
-0.15784443555406194
-0.2053714493243396
-0.24108389885918655
-0.28465709548371443
-0.2699679253013494
-0.20873032934675828
-0.12960952235479722
-0.08122178324496351
-0.06606401503734574
-0.04274148908215109
-0.037185281975668984
-0.052652672966582444
-0.0637127223270674
-0.05676264265344001
-0.07310102779758881
-0.06897753548219909
-0.09830079355859164
-0.09493515844283752
-0.07820228256969718
-0.08129162134328612
-0.09123272610888108
-0.08057622646424499
-0.08911238671643218
-0.09025963835292206
-0.09034073837940688
-0.0947474022459932
-0.0662758141924095
-0.07405440220669389
