0
-0.28998564399020965
-0.2334482021927305
-0.17441499331299595
-0.14285285988189683
-0.15318061153629225
-0.15750468026557699
-0.1601402801417127
-0.17119063212763283
-0.176231239735157
-0.1661534389586609
-0.19115936851155063
-0.2037570912418598
-0.19994446958410936
-0.20918377719993056
-0.20995588919395497
-0.19384960992506975
-0.21569719532214954
-0.21162063267715425
-0.20297209804985655
-0.18261334288946637
-0.19023755223926017
-0.17563493842696015
-0.2000195612651427
-0.21488581896120662
-0.23502216345865892
-0.23456244511618246
-0.23207119221804984
-0.2506176849206414
-0.3395839063035276
0.2269100101102605
-0.2966929944470915
-0.2802665903352287
-0.2693986174367904
-0.2577784198598542
-0.2617650992893952
-0.24919320335030098
-0.25186497267842756
-0.2475959583343199
-0.24950601320269888
-0.24574970431117166
-0.2502825433686505
-0.2485879382913888
-0.2966463076368879
-0.3411774921955235
-0.35154825550898716
-0.35377145392006804
-0.3330709118321007
-0.25836148624973043
-0.1926248663600615
-0.15858686876433106
-0.1507595186711343
-0.14247368520211268
-0.1479924690353175
-0.1620899046967015
-0.1634129692917713
-0.1708550321064901
-0.1791787017324309
-0.18022958593993882
-0.17522696163577572
-0.18129299280120764
-0.18874676391821796
-0.17597306848567779
-0.18961340226524045
-0.19583784838729604
-0.17882214528907228
-0.1976443069477301
-0.16635607517479492
-0.13879503053947234
-0.1358001448599952
-0.1407122455447842
-0.15944056103069906
-0.17543181628117643
-0.18159117262997848
-0.1943866232103873
-0.2557670198333779
-0.24929422181706598
0.262152351698269
0.8259785448332291
-0.21777976609245825
-0.23232105771787975
-0.23966752939156027
-0.2514495566159399
-0.2536810670753381
-0.23724113775174285
-0.24398354473072473
-0.2440734525704803
-0.24197408401221446
-0.25644104056286154
-0.265302299374103
-0.29795057951231424
-0.336029047647797
-0.34756530250162687
-0.3629959411839341
-0.36041147891314673
-0.3079860732445315
-0.22337652594055124
-0.15750844846502043
-0.1451436817503694
-0.15405676923815337
-0.1529263732943654
-0.15225141680157045
-0.1578723195685956
-0.17356715492960956
-0.1708413050059652
-0.1797944978100779
-0.1928566489671037
-0.20150545156371524
-0.1946314496067014
-0.2019502134360171
-0.20349441462562218
-0.2094412866767038
-0.20216776177101292
-0.20276300113366605
-0.19360920490219322
-0.16650813581363835
-0.15544374702059433
-0.1527381600520763
-0.15533420771146483
-0.17028290869163226
-0.1978010813935286
-0.19930686200607814
-0.20769235824781607
-0.22222034263986593
-0.32682894788708294
0.43804710709470995
0.024674035267436792
-0.253449246300133
-0.24834708097171224
-0.24670628379920986
-0.25624502371180147
-0.23917386319520156
-0.24822401187415832
-0.2317013892663809
-0.2332073633497533
-0.235859704809455
-0.23394829329714897
-0.24752074766227225
-0.26732104615507307
-0.30952924073650756
-0.320288158364958
-0.3432739540785585
-0.3515519751219072
-0.3183053704547323
-0.2603092972673796
-0.19033984594815134
-0.17657021118858646
-0.17561238592283288
-0.17350090122254844
-0.17814160753495045
-0.16893082457200548
-0.19312554312889865
-0.18670222936113273
-0.20090743974070974
-0.21156236447232768
-0.2150714630933781
-0.22241693001456575
-0.21813343328691334
-0.22335855119620684
-0.22035081473806195
-0.22863258885826632
-0.23521388094110565
-0.24601022271057543
-0.2206881028673564
-0.1992737184176369
-0.19614378499100232
-0.17880612036992152
-0.22255947594959247
-0.2402956310331944
-0.24568130734517135
-0.25732645124855
-0.26468654050624424
-0.2943356001855275
-0.41189670969369496
0.05058039140984068
0.5728933090786791
-0.42017579268866945
-0.3037480767512457
-0.2937617826797717
-0.28270728227093456
-0.2829333907756216
-0.28862834912002777
-0.30863819904862677
-0.30006131327659813
-0.2910433910575152
-0.3049467215432636
-0.3211067768310323
-0.3279587987535854
-0.3628678021028907
-0.396130219867383
-0.42349772728974244
-0.4332432945728195
-0.4127701231856451
-0.3724537324688211
-0.31678324589227147
-0.26289383153911994
-0.24800717516447474
-0.25925794400052343
-0.26004649086772225
-0.2763670144718809
-0.2721375255090992
-0.28591739983206715
-0.2885968008936907
-0.2918776225578257
-0.2969324374106715
-0.2989027891073909
-0.2883002623120303
-0.27754970280160346
-0.2793726737318186
-0.27624914184590643
-0.2697423247949742
-0.27428534703809204
-0.24710857207971632
-0.22501339546147658
-0.21101291476058304
-0.1997630565904628
-0.23295678870768488
-0.2566666277621798
-0.25749016646963074
-0.25842291771719816
-0.27346247651907596
-0.2927847249822619
-0.40036164460852053
0.08531843101894192
0.5840483295795555
-0.3875514604826121
-0.2985937534957275
-0.3113248645036091
-0.30722242429535473
-0.3012966371957021
-0.28478823256189484
-0.2985763741410763
-0.28971003930029937
-0.2972415322551093
-0.3005775027414728
-0.2971242825241883
-0.30740990684054875
-0.3421453446403591
-0.37358788626744366
-0.4078406119526917
-0.40572272828525346
-0.3676784389481744
-0.29933477628802707
-0.23107512173811295
-0.19045647630567958
-0.19714105656180608
-0.1907816921767524
-0.1841870773809217
-0.20484825740314366
-0.20585480610668544
-0.20549441288968795
-0.21853326915998697
-0.2209617837985595
-0.21647733886353365
-0.22292624787570403
-0.2288245607044938
-0.23421835937263744
-0.22643821190491675
-0.23339712142501626
-0.22316270065900795
-0.22491592622471523
-0.20639897994143425
-0.19298646598502506
-0.16466159142657158
-0.1593271639885725
-0.1844976382823031
-0.19673517734410928
-0.2160319253932116
-0.22736805822720624
-0.2295984939890761
-0.2503281368336192
-0.3773956106550671
0.256741350807683
0.7612470275008936
-0.2641587918575294
-0.26770282405336066
-0.2807493779485154
-0.28461708895293963
-0.28603372883266864
-0.27834576484807755
-0.275131995422354
-0.2674758701687595
-0.2822740312260798
-0.2844366314269496
-0.29762950121187337
-0.3170183795089947
-0.32887474592447796
-0.34885610303950604
-0.39699992611337886
-0.40481022284183255
-0.3862393248761158
-0.3255731824081425
-0.2434755149871089
-0.1941092693783135
-0.19066144163957321
-0.18647253402766045
-0.18429776012617916
-0.1919065723137181
-0.19729690736691477
-0.20680842692507484
-0.20530438444070054
-0.21804875438754262
-0.24173372071820992
-0.22783037040203552
-0.23151885856487028
-0.23354385062671842
-0.22723017503306858
-0.22011877957699355
-0.21561503119894587
-0.213320247087559
-0.2001122828375816
-0.19972344292235392
-0.17699360323416852
-0.15649874648252277
-0.16973198185691168
-0.18984954184237474
-0.22178742656769523
-0.21890915903273664
-0.22005269864096788
-0.22437819980810064
-0.39000542539630156
0.04935995699301103
0.41501580286073453
0.5510342204336275
-0.24077547659883847
-0.2630096703192398
-0.2678387861413179
-0.2655266778534774
-0.2668585226561618
-0.25435640629383993
-0.2609838409615674
-0.27007799626930296
-0.26417611095166915
-0.28500370143171905
-0.29536843848458755
-0.32032751169382634
-0.3256693236885949
-0.35921025429633036
-0.37741099665354033
-0.3871955858322337
-0.3252629752367438
-0.24010618999597297
-0.19550022875148643
-0.19215755463905865
-0.20078202503780881
-0.1991366860710433
-0.20100524687139232
-0.19791310203763487
-0.21149937288434922
-0.21822083438411166
-0.2203092083928472
-0.2402334663086415
-0.24429035104964303
-0.2209067298114592
-0.23999039095078406
-0.2281027051784562
-0.2190457619644186
-0.22112606740374707
-0.20289535973941858
-0.197610782702517
-0.1891652203282262
-0.1983784354593112
-0.21535868585786794
-0.23963727621770875
-0.25347448232298914
-0.2555984308337548
-0.25518138138491264
-0.3604145265602709
0.0095980825997784
0.37067997717662404
-0.33426897797257443
-0.2860097283914865
-0.30067007774071697
-0.29000975069049273
-0.29171504206155446
-0.2840939148170377
-0.2812821025577608
-0.2926181015567806
-0.2996413110521142
-0.2813898958960405
-0.3040707414045975
-0.3362942680434696
-0.34487073356136266
-0.36868473150591213
-0.4049523864138559
-0.42266254654761837
-0.40806813933665853
-0.32254294130306066
-0.279873579159463
-0.25511514056236817
-0.23477198448342645
-0.24277300263788154
-0.24504452150618605
-0.26947043282622474
-0.2643711401657421
-0.29642534870889625
-0.29080652188194195
-0.2978493722683766
-0.2995986754617413
-0.300941354376841
-0.3125457080550297
-0.3016857510100834
-0.2871595484188355
-0.29952417330618397
-0.2995979767066948
-0.271503902554064
-0.2475202938208231
-0.2512311298016019
-0.2710874658970848
-0.2871841974675061
-0.29226841398042946
-0.2859519122593998
-0.2797094786277535
-0.33151335197368553
-0.19144269151568163
0.4300938523342009
-0.46341101097205173
-0.2857480473288063
-0.27126614437648555
-0.2862393958090479
-0.2809821229324386
-0.2665609759298212
-0.25914769063433274
-0.26430208073289596
-0.2681137939646902
-0.27812751205689623
-0.27988902032817986
-0.30048875498095884
-0.3329399958580267
-0.34367839383314946
-0.36509746939371435
-0.39809613752901585
-0.36247539329345146
-0.2781700799279532
-0.21689599882232952
-0.18741671776585084
-0.1784168038728157
-0.1800669420342418
-0.1804777963390713
-0.19004230063695957
-0.19628993050568164
-0.19649788672406363
-0.20218091974185726
-0.20261731468297212
-0.1965093977329525
-0.19631666603686213
-0.19864173355262568
-0.19953111420324884
-0.19645725377371412
-0.19095174619514144
-0.196834517510456
-0.19452433378684378
-0.17614675121922066
-0.15990787411305282
-0.13888574851427415
-0.16130262445598387
-0.18515014587049455
-0.18867098513933944
-0.18032524915179932
-0.19221509491635863
-0.20071480233337624
-0.32255174037817097
0.22897272970627897
0.8186523653091445
-0.21947453090794067
-0.23324196088598903
-0.23865949977044904
-0.24314543144126158
-0.2257050150860413
-0.22880613349790205
-0.23791929121300667
-0.24087391342626363
-0.23627100825985095
-0.24315696686982644
-0.26113166912106395
-0.2793623549531607
-0.3008896830858853
-0.3402471008601634
-0.3715132154921561
-0.34863116480815515
-0.3180381000313719
-0.2399761812539474
-0.19129578686919024
-0.15902684021071134
-0.15576896692174708
-0.1566494200996008
-0.14467032546945963
-0.15427821994902982
-0.15499664585326525
-0.16897520502608995
-0.17858047545321135
-0.1924154551256208
-0.19615948697297764
-0.1837314822913295
-0.19346706749937986
-0.19597098802714097
-0.18810378362965588
-0.17344277237210343
-0.18261807806000144
-0.1833611277673658
-0.15598340577632006
-0.13935783919956807
-0.11805123145622656
-0.1348152834566114
-0.1513060986507133
-0.16536135308270514
-0.17299697684955478
-0.17852382131924371
-0.16980313434735922
-0.2966938190695959
0.13956443255739306
0.8415353686811822
-0.28348781872549966
-0.20143890088468902
-0.22270152977412921
-0.2196279886338958
-0.22936909386135057
-0.2378304293000909
-0.22910864303954054
-0.21478177594242168
-0.22625510125962234
-0.22781226097106194
-0.21693497981272036
-0.24487638282485236
-0.2695206127540778
-0.28333884217627026
-0.31143311149921216
-0.3378600934354635
-0.327383282316934
-0.290119619100505
-0.22633113695295998
-0.16249667495853348
-0.13926790488925717
-0.15317233186892085
-0.14395764783027368
-0.1470140775234165
-0.14918541642006478
-0.14913077860703214
-0.1800314718356671
-0.17913463823465225
-0.18175930739449053
-0.18971997314909733
-0.1958999964667594
-0.19019868859927264
-0.19271302769917106
-0.18825815414654962
-0.18699123638686282
-0.18707125100197403
-0.18551750775622672
-0.20901667874232288
-0.176900586801019
-0.17305555236811862
-0.14931303922050645
-0.15303999436195864
-0.18404500954669473
-0.20856437482353074
-0.20851440492227552
-0.22847166734830732
-0.22940392156732264
-0.27561610561762223
-0.29418096764090584
0.11351625909751567
0.5422844222215292
-0.3742765298878609
-0.26561538710449795
-0.25172392739211735
-0.26034760290574316
-0.259668405832166
-0.26438535698419297
-0.26684261329154646
-0.2726777225387767
-0.2588767686326296
-0.27530751198195497
-0.27536821331963346
-0.2815378643014142
-0.2832525864361002
-0.31593572586075136
-0.3694699102643775
-0.396924686941345
-0.4095418296631351
-0.38602463767623263
-0.32546579017380817
-0.26619862923923254
-0.25157318117433414
-0.2264645047706222
-0.2310026350018723
-0.23810369276073698
-0.2470263591112148
-0.25044466752659195
-0.26460189614109675
-0.2732983553941507
-0.2630978045349104
-0.273924059003
-0.27721067240121056
-0.26801443659482743
-0.2627293766702547
-0.2720615907026398
-0.2653183422636778
-0.2609555814023071
-0.26870986319847
-0.2595018315837295
-0.23694347183538578
-0.20950972006281016
-0.19205033300050484
-0.20524471349007398
-0.2150915174599743
-0.23798131848156165
-0.23281690106249542
-0.23171796508677578
-0.22457053117569645
-0.2717663346809341
-0.2586829167915845
0.3329639699646897
-0.2388516031594582
-0.24697049111514224
-0.2390874381613077
-0.24777568273884354
-0.2263864274074931
-0.2271094260610887
-0.2316011615401146
-0.2283129217436184
-0.23058950269603778
-0.22390645443051813
-0.23686868394932845
-0.24879527405282814
-0.27097796615371816
-0.3136433418434218
-0.35524062412030016
-0.3614384936387109
-0.3428460606719635
-0.29004073982367606
-0.20570939756998102
-0.14677128125059694
-0.13866833893558006
-0.1452946202954712
-0.13628566764953465
-0.13584482661799463
-0.14113872100444974
-0.15533995638248896
-0.14442934666813625
-0.15976704797703112
-0.16865993387959294
-0.1681260374082219
-0.16558694173410074
-0.16759356706391715
-0.174743408447835
-0.1544932450691559
-0.16993409543168336
-0.1811077871164559
-0.1697056948782885
-0.1687770380582611
-0.1443996876133103
-0.1356205121212189
-0.11057343789903472
-0.13026882242261595
-0.1468940606831753
-0.15677985178048398
-0.16483815403926877
-0.17405207545057877
-0.17206621477125328
-0.23259473229118377
-0.2329871750463976
0.6090501633055707
-0.061556637564423665
-0.19639267475920663
-0.22299502525088588
-0.22451253130355286
-0.21742879487588612
-0.22689485834965317
-0.234735911439428
-0.24959234324426288
-0.24963436451139487
-0.26889212885544156
-0.2795551635908252
-0.3016239716348302
-0.3193991626704249
-0.3533017704597359
-0.35957429670849256
-0.39772157458017865
-0.3642457892970441
-0.27443784530125026
-0.19821279957641463
-0.1818940916875164
-0.176494092776146
-0.1669949840483047
-0.18321698337445594
-0.1799842792996682
-0.19263064148245262
-0.20142015661002263
-0.20716479112440223
-0.20799707138660467
-0.20906457042091112
-0.21780408273474366
-0.20774287254887358
-0.2040995196248266
-0.20791122864482345
-0.19855284204507867
-0.20091516044824398
-0.20055676195534866
-0.1957531273250936
-0.1685848548455942
-0.14072116956479644
-0.15497355172400396
-0.17176996263130218
-0.1940228689568062
-0.19998025468131397
-0.20493406051308907
-0.19790599006939724
-0.3548993017319052
0.18680909160989734
0.8366007344075285
-0.27228082845951596
-0.2132385199525078
-0.24756550695033494
-0.238628166856575
-0.23879544077498066
-0.2306756722852305
-0.23418900772441742
-0.23319707565790843
-0.2290664614276003
-0.25078255515476494
-0.25968060686995603
-0.27799774211709394
-0.30954993228291483
-0.3184683522453291
-0.3465317722124628
-0.354964978866128
-0.34031300150135035
-0.2683871653805264
-0.21217338396501334
-0.17418112784577555
-0.1736463492309021
-0.1753297047454636
-0.18412979924887457
-0.1897564023511195
-0.20016299473921498
-0.20910927779838365
-0.2222409302087081
-0.23047518433824915
-0.22163662264962763
-0.2297623689844464
-0.2425149777733972
-0.23101984262964365
-0.2247848920842025
-0.23710624713878387
-0.23245881686238534
-0.25148005913772936
-0.22316793088312262
-0.22801740712179788
-0.20199796256614144
-0.2242984191369694
-0.24590732375205065
-0.27306503046954217
-0.25121456130227604
-0.251402394097582
-0.2677840012375934
-0.38933336847334404
0.03815995792632296
0.33503354316789824
-0.3447691275545107
-0.2953105831617556
-0.2900956404768504
-0.2952849959432596
-0.28848822639884564
-0.2834392308004216
-0.2941945766323708
-0.29824199061096546
-0.28062113102465214
-0.2805158119838981
-0.3097724539990643
-0.30703738145397547
-0.33871462423122556
-0.3748802489788806
-0.40808667810595445
-0.428268835669964
-0.37958271407721556
-0.2969079658252896
-0.25748836454152363
-0.2322868673498894
-0.24634463184693756
-0.22674793481913352
-0.24866824521752162
-0.24619382826766192
-0.25540947754783383
-0.2691188504117549
-0.2799376979443544
-0.2807663086938296
-0.27552290316031186
-0.27038783714835235
-0.249170535776009
-0.25730725069804444
-0.25781836885121506
-0.2633730880020452
-0.24803853366005946
-0.2233924861175937
-0.21404692146680043
-0.19656534256486652
-0.19980933152278083
-0.22627930617411943
-0.23128258620724101
-0.22789086931364844
-0.22918076365714957
-0.24057528106976953
-0.3401768790020442
0.1184409478799684
0.5569407406248623
-0.2890071184229154
-0.23793607971522096
-0.23440483773714865
-0.21970437609164095
-0.22448402722545951
-0.2183991402198343
-0.21796936094157565
-0.2155372904176819
-0.213614146792095
-0.21626176102149447
-0.2269068568497853
-0.24035261189183837
-0.2685837389256999
-0.32018014683278573
-0.3374655977832701
-0.34640062663282584
-0.3331806345105286
-0.25195175093340544
-0.17183702796033723
-0.1354015370286491
-0.12403423278798267
-0.1316761212762314
-0.14514505648546308
-0.12927761394691717
-0.1411830984765743
-0.14157799350795489
-0.15138379854995676
-0.1578784817356545
-0.16930152255551287
-0.16145906560118203
-0.1680990381510149
-0.15052549804267892
-0.15954515208831063
-0.15447760731352356
-0.14434318835130228
-0.13911984766602206
-0.12569614339488305
-0.09966744834742541
-0.07482383470699695
-0.07629505947013374
-0.10527686382912857
-0.1324352598841833
-0.13631378359214547
-0.13801683611087906
-0.13459511160646367
-0.16205684228721878
-0.27911824662874263
0.36701439279748505
0.771151838664422
-0.15466264854571515
-0.1713917089094004
-0.17098123962694886
-0.1774616992769055
-0.17293584471016846
-0.17249020547727817
-0.15669291531730162
-0.1498630305277414
-0.16875576003416615
-0.16789317177620322
-0.16849211067101522
-0.1998026426880244
-0.22586321876024112
-0.24509849275539222
-0.27068467891037556
-0.285197570031844
-0.24656897493440189
-0.15745080851530027
-0.09206188710028551
-0.08241295956915372
-0.06781557654840371
-0.06536853619656254
-0.07338904291880563
-0.07524315032895182
-0.07486471286557508
-0.0965024966255887
-0.1028948501318923
-0.10729320269567
-0.10322305169372409
-0.11465641659534745
-0.11902068321216848
-0.11391260332445655
-0.09834879975964247
-0.09977078165125472
-0.0914497067810011
-0.08886444440780043
-0.09022331664301114
-0.059583492465353806
-0.052866011221750095
-0.03436016122499361
-0.07030045404068816
-0.06803247956699003
-0.0873548514602165
-0.08750937715364372
-0.0906638024921773
-0.1050832049890772
-0.25134551907182634
0.23172741390107673
0.8525348563548789
-0.1633974936075828
-0.13587564882480196
-0.1271831795513337
-0.13390471710127974
-0.13099238860410795
-0.12894549255853574
-0.13404164554587772
-0.12843703326236805
-0.1255287310100589
-0.13296105438782874
-0.13468506540956038
-0.14524562352737033
-0.1769126286128586
-0.19215635785051816
-0.21436853874294046
-0.24432938731703888
-0.2511369634344859
-0.20444386968865075
-0.16309049883145096
-0.09192054926915758
-0.0870673108449522
-0.0689526136226975
-0.07448099994076589
-0.08583265530894571
-0.08846825238081067
-0.08736987955800338
-0.10101738302853666
-0.10844386632590952
-0.11346559512348603
-0.12047941957876529
-0.13788912952066068
-0.13511576770223582
-0.1277207044101888
-0.12917326013989244
-0.14034641105265291
-0.12848446656428025
-0.1403494007925083
-0.12119193570038378
-0.10421391123884224
-0.09179703390045937
-0.108206319683256
-0.1310144042511434
-0.14899985237300564
-0.16104370490044115
-0.18902172310567772
-0.1635521920117918
-0.2311560289763711
-0.111994059728177
0.4175157987054392
-0.27070305274000717
-0.2865972836367234
-0.22900526946286015
-0.208189799712917
-0.20199438733586392
-0.22899328939443667
-0.20140805660502972
-0.20962633229374844
-0.21341425003824882
-0.20919513834748063
-0.20903631964162195
-0.21602200430939542
-0.23246977599037288
-0.2508076855481625
-0.29688867333805025
-0.31712614906925446
-0.34839615133578294
-0.3456779991363938
-0.29006357407988614
-0.23774706581028782
-0.19969608671279593
-0.1811977815085284
-0.14783085999275403
-0.17536984180225035
-0.16446243776358477
-0.19164186894163038
-0.19443488839957726
-0.18985891823320467
-0.20359046808544345
-0.20869465648477903
-0.2237772445052571
-0.20342237276935493
-0.20772259272229981
-0.21057696000029344
-0.19638352533532136
-0.19923040203480427
-0.21629753090026974
-0.21985416132829005
-0.1955046218103476
-0.171437786321887
-0.15275232406643363
-0.15681619275718023
-0.17666446042546513
-0.18674094307231726
-0.18982207720881306
-0.20178915818285612
-0.21235582088085952
-0.21141418186996858
-0.3360338983360442
0.14521809494669624
0.5244860447741047
-0.28495517631208933
-0.23567355854909752
-0.24266611427144397
-0.23168286944098004
-0.2248260613310916
-0.23033317750180538
-0.23429894664571194
-0.21813733814966135
-0.20952286311416946
-0.2189210550592644
-0.23010331767938808
-0.22628540148358434
-0.24668644015328295
-0.27252142210194263
-0.3108846044377682
-0.34807241857554183
-0.34665113371438927
-0.2726672580007399
-0.18813451166987763
-0.15033206480834457
-0.1265681326326173
-0.1349791186443734
-0.14659248701533945
-0.14780068763500387
-0.13298591050676928
-0.15920192043923115
-0.16628396859898248
-0.16124091757566078
-0.1640876736577851
-0.16745539094342596
-0.1771265353467396
-0.162895254926517
-0.17747139098759296
-0.17119216194760917
-0.1690834916930145
-0.16534995206656508
-0.17214932293059984
-0.16141193309818458
-0.13169370434462258
-0.10037549402214517
-0.11330460174730525
-0.1333355893151752
-0.1602100411563148
-0.158657878003513
-0.16244299266618908
-0.1621306673748416
-0.3253206394653586
0.3466363553373478
0.755291148135602
-0.2108289599398951
-0.1885087843514132
-0.22483155628495824
-0.22935331621557067
-0.22481274333677767
-0.20516927361692933
-0.20162820965703293
-0.19891843689504068
-0.21799998747944582
-0.22574626287996857
-0.22149239379134414
-0.24942918973948625
-0.27471551052492876
-0.305157447084789
-0.3243167913543035
-0.3073617957934804
-0.2398282228958889
-0.15931300998365164
-0.12146174049675197
-0.10214481880024509
-0.11912281343506173
-0.13066811329968678
-0.1151185969644644
-0.1431504473995523
-0.1486171402484309
-0.16147153666854364
-0.1574599578318291
-0.17165598387254088
-0.166920245909715
-0.1639847434677739
-0.1495796816877955
-0.17155937350036637
-0.16412967601510348
-0.14762227809308912
-0.14831376937385038
-0.1269481381201379
-0.1177860868594698
-0.09597053040693543
-0.10066239177715333
-0.12078594886868695
-0.1418767358592171
-0.146874199817561
-0.14472434927968514
-0.147944098963896
-0.26380596361633946
0.15341444674920873
0.7455250618635425
-0.16556881143953486
-0.17779466876588793
-0.1826725108172319
-0.18000698394006218
-0.1650270538781969
-0.150943946123613
-0.15839722839176437
-0.1568618745534281
-0.17554309585421804
-0.17268358434968514
-0.181479487578563
-0.20429506937286201
-0.2415284916667002
-0.2666493407482113
-0.28285401797780546
-0.23007566899686344
-0.1698856499352608
-0.13183634706287822
-0.11928312782004834
-0.11976672561698232
-0.11601491729627181
-0.12268133603904055
-0.12555531637445713
-0.14035127877655007
-0.15569640828536324
-0.15635341720367224
-0.16260960329418245
-0.161873211106883
-0.18177030212627202
-0.17050864203791166
-0.1779950215973461
-0.15976918337270876
-0.1839576316644186
-0.16661476301728037
-0.13510358629540103
-0.12696424267069403
-0.1429056312175747
-0.15663735191567252
-0.186769067313895
-0.18225069265865604
-0.18620376431972924
-0.184696636402205
-0.22547797569101233
-0.30993737593311954
0.12812235997077748
0.3434943826315783
-0.23711204392827107
-0.2236112084195792
-0.20966388534566516
-0.21099481745101673
-0.2146079195153554
-0.2081674834289941
-0.21204324767110969
-0.21544010959027188
-0.2083318288550766
-0.21696164020444456
-0.23369258211721444
-0.22519706405953768
-0.26733302705858175
-0.3046068748082231
-0.32609841920978955
-0.31929514400244996
-0.25204704583200327
-0.189665630580684
-0.14084596804356328
-0.13608597804914943
-0.1416524173225545
-0.14399176111046383
-0.1351834164364844
-0.13026627881227848
-0.15686824069973343
-0.15765475516046656
-0.15001041296569098
-0.1745124047805711
-0.1553981886619043
-0.16523460573889973
-0.16103439925593868
-0.16958930512574963
-0.16134553208397712
-0.1533437303891306
-0.16610398924723088
-0.14920204318608987
-0.12050044768538071
-0.1089013079349076
-0.11158655729448352
-0.13059089806622712
-0.15417850129413835
-0.166071514429262
-0.1718924785254446
-0.1639610748979621
-0.19315619640979775
-0.3095442640910862
0.3768897164792878
0.8404138951170639
-0.24490765486119728
-0.2099095647390121
-0.20205702342315301
-0.20977800247870532
-0.20693137956535823
-0.19536793205460584
-0.18345878824203932
-0.17863233631662495
-0.1796478415794468
-0.1811173260211159
-0.20163937574685273
-0.21585022231213224
-0.24549420066261282
-0.27252951896953365
-0.301189826886
-0.2919679947415635
-0.2615265563684631
-0.18237846665550714
-0.13193577618863367
-0.09811074330572599
-0.08576328011119966
-0.09892941259887565
-0.10402271644365402
-0.10187657578097331
-0.10753658400234953
-0.12069613776979699
-0.1064963423664036
-0.12712273537731686
-0.137676239469334
-0.13819242798155434
-0.12935162638152387
-0.1362397914251258
-0.14214297109298382
-0.12705649979004044
-0.122742048463245
-0.11258229504411126
-0.09065478987888465
-0.07752724839294958
-0.06241008686995704
-0.07983712993094673
-0.09511490384575377
-0.11362939903740372
-0.13258252444259777
-0.11738736477499154
-0.11558827594035101
-0.16600783012887188
-0.2286456040636839
0.5111950271144884
0.4113171721302501
-0.16089930260045443
-0.14921059657067037
-0.15726744731851328
-0.15617177361227708
-0.1497657030050059
-0.15442641739473936
-0.14678971379817388
-0.14787026770417003
-0.14131581518651898
-0.14955736631981964
-0.162688660560371
-0.1888696076502283
-0.20089427017805583
-0.19973051846835316
-0.2535123358688297
-0.2730505274002178
-0.2657309082820986
-0.216767492459769
-0.13807291492360554
-0.07738271231923595
-0.06145268546234005
-0.06930962205565427
-0.06941507662054695
-0.06438569777361808
-0.06866986106964568
-0.0831878004786125
-0.08706891741034048
-0.10459474189608306
-0.10759641577261819
-0.12115694278111991
-0.11608337182393058
-0.10863722645457746
-0.10992381102394502
-0.10552277540667743
-0.11265550089191725
-0.10290477518535807
-0.09686998995609054
-0.07576568898725786
-0.05306405813251308
-0.052721505463165105
-0.08162737374324888
-0.09414949945408337
-0.10006586591113004
-0.1149008710862344
-0.11748994250015493
-0.11993105973221449
-0.2752909159962094
0.3285669521479686
0.506543163930984
-0.1461691995119911
-0.17091019183858763
-0.15968377538111872
-0.1745713105558442
-0.17613695568044668
-0.1669072488539861
-0.16253407361207856
-0.16660819571630237
-0.1642693953920491
-0.15681209077539093
-0.18473653699695536
-0.18998197578044584
-0.19850288780785416
-0.21970422351532368
-0.2599502550718499
-0.2835620714225147
-0.28661702508828135
-0.24861339447769643
-0.18799778147843532
-0.15296922926867978
-0.14212165808207472
-0.11961227383930147
-0.14148707208483552
-0.164814793233581
-0.14887888826870477
-0.17397910350706394
-0.1740571229852399
-0.1992523471154169
-0.20798217685394338
-0.21699262438784117
-0.19871728906346728
-0.21214260476980898
-0.2093150021539902
-0.21203649451926737
-0.2260559696673008
-0.2168763191944681
-0.19777553681873652
-0.20032168710965934
-0.1714741468216318
-0.17768183677334817
-0.2033539210165814
-0.22974990058690706
-0.2584332846274565
-0.25435953510468623
-0.25621368773036446
-0.2958493088379498
-0.37803799993661125
0.040586916228164745
0.33241254059122083
-0.32229260099090756
-0.30229898536583766
-0.3050977857359277
-0.2848537778224609
-0.2785383095221916
-0.29557535566835746
-0.2858849042262015
-0.2721310776760912
-0.28973629604642115
-0.2758998853129309
-0.3050128184513649
-0.28516621082451893
-0.3113608851150593
-0.346254562366028
-0.3994260495300108
-0.4256376894007041
-0.418814194411556
-0.3493641032496929
-0.2660969586730131
-0.23653887002646004
-0.2151103897631436
-0.21717341337914803
-0.21529987258430433
-0.2224620432840851
-0.21390580761940592
-0.21644882355723122
-0.22382700997700117
-0.22175363120871544
-0.22375533261487868
-0.215025331000545
-0.21212275986439172
-0.21425184744067766
-0.2095034306838347
-0.20179590566405217
-0.20274655347262865
-0.20910903708328887
-0.20034896657980966
-0.181758751910499
-0.15888398132069725
-0.15913262775016296
-0.19478973571092378
-0.20869558576182307
-0.215580760008088
-0.20794736172509146
-0.21537792094891378
-0.3174770603989051
0.0073012577459219095
0.7322756260210062
-0.37743483590222526
-0.3097064945268785
-0.2559686593912039
-0.25541909764002
-0.2466205610049198
-0.2427857747458701
-0.2345446484447778
-0.23193113358502498
-0.23212040648326998
-0.21766975502460864
-0.23167927500230084
-0.24985496594035514
-0.2555785724854962
-0.2934423784798931
-0.3250560989985071
-0.3308499238455422
-0.35485251053269673
-0.3064984210943751
-0.22039601664604352
-0.1500433043466364
-0.12947372360042353
-0.1273378162113238
-0.12083001598097762
-0.12192910041390187
-0.12952615941036233
-0.1364881801733967
-0.15196074820520616
-0.1635995823748145
-0.16671541266491152
-0.15518783372658046
-0.16429124533015296
-0.17084980292487384
-0.17011714997235938
-0.1531990703775044
-0.15220230411360286
-0.16147980614740992
-0.14181649458162393
-0.11237332044462628
-0.09517146027536574
-0.09000275882516161
-0.11816929434839657
-0.13363016771619418
-0.142704974874088
-0.14348110520166193
-0.14024912828424768
-0.17582844555780305
-0.24492317889797086
0.5694976739768619
0.13880812885865548
-0.16508825804672467
-0.17807632803797405
-0.1895023232682994
-0.18264533456343607
-0.17288767542090122
-0.17925956448231148
-0.1861991103777807
-0.16963409792934844
-0.18088122866700573
-0.19148543088093517
-0.20456960811729463
-0.22230562661345957
-0.26127450590834456
-0.29835942910343344
-0.30593217160002306
-0.26941205370594673
-0.18586368558124117
-0.1305138573866177
-0.09732393240832422
-0.09430435132421049
-0.09808232935613184
-0.09378890134482201
-0.09893663062063449
-0.11463186206390258
-0.13097437265682488
-0.1356525929210695
-0.14339207561419043
-0.1654404639562637
-0.16365904304346343
-0.15523568411746666
-0.15560505613601328
-0.14696564895404332
-0.1498226989053737
-0.1451970407031961
-0.1324392765747602
-0.11645097680582504
-0.11234982945189786
-0.09555310517605348
-0.10772490755774239
-0.12607338609502297
-0.1375637838413562
-0.1537678364411964
-0.14556839411266465
-0.2827128477143856
0.041290184054003316
0.3358994822222713
0.47913850241821765
-0.15377010222863086
-0.17785409176221267
-0.18833925836395865
-0.18965729026659933
-0.1766807160438732
-0.18181610077846652
-0.19019992971591118
-0.18612159132006195
-0.1847273237892087
-0.19375552782086203
-0.22310872141534527
-0.24131537831781502
-0.2607191061588041
-0.30179651201897606
-0.2956110551147159
-0.253380541560185
-0.1642853809079584
-0.1450155505679128
-0.15665858098634255
-0.14248394368848233
-0.15257392798299446
-0.1649448625471693
-0.15565152195407084
-0.1794899003736384
-0.18632114147559486
-0.2143314553788921
-0.21498892663227487
-0.18946043855050054
-0.20143302352349046
-0.21924742010731024
-0.20231324913611148
-0.1960625606987691
-0.22183119596699785
-0.18572256942887344
-0.19184905666816393
-0.1678751669176022
-0.17597779948908818
-0.19350261938310537
-0.21350734209774608
-0.2195525804482864
-0.24104369677327997
-0.24102757599689806
-0.3163590821582075
0.016086010299744623
0.43793661557963304
-0.3253781140731766
-0.25356971837436404
-0.2639596058070883
-0.2578596530769677
-0.2511794562505876
-0.24685257407531358
-0.254454559476636
-0.25212151564493757
-0.24605703349910152
-0.2513728822195474
-0.23306347997701332
-0.25730532868407063
-0.2846941998470067
-0.31615165333934336
-0.35002887732085397
-0.37242125225188294
-0.32355183702719814
-0.25480468497027053
-0.1986325364415406
-0.17064061118856386
-0.15445035335297644
-0.14311285871987434
-0.1606468313807532
-0.1546213743069069
-0.1649097010385726
-0.16528577095981378
-0.17926344983825424
-0.18136708939640112
-0.17902777998035224
-0.1816191685878929
-0.17430862261525773
-0.17257455277428643
-0.1690766557921968
-0.1774192621078054
-0.1732959043268748
-0.15340466155185833
-0.12877141222278238
-0.11121396824545629
-0.10299403619380082
-0.12981406514779417
-0.1491800173370362
-0.16086136172183718
-0.16211706192121492
-0.15552928769403
-0.17756035954515847
-0.28689978216523476
0.1520398979685422
0.8834610806867682
-0.2745349806443948
-0.19335660482800535
-0.20089614820019802
-0.20059035124315483
-0.20616619701175246
-0.20390802627371002
-0.20550620165042457
-0.20425806375704508
-0.2054621115600192
-0.20937513698001145
-0.20987499471862123
-0.227774377069137
-0.2596959974737614
-0.29199603513160405
-0.3226397478910284
-0.3208691500641198
-0.3264298289827918
-0.25850536854700895
-0.16184071644137465
-0.11384875067287911
-0.11341600880217673
-0.11707644801615422
-0.11608538227337284
-0.10363475569262007
-0.11352975329903328
-0.1284422190079066
-0.14392532223455978
-0.14930319197590722
-0.14793593033846456
-0.16627830892589396
-0.16050256295629917
-0.15588183314481885
-0.15317516221000832
-0.16425321291077355
-0.14968465542510773
-0.13963635119702672
-0.1501122833378463
-0.1349923146395739
-0.12003655561808588
-0.10840713677515566
-0.08893084285438461
-0.10986014988400483
-0.12539736172158775
-0.12974901075446935
-0.1457198765639145
-0.14314800330434793
-0.14421075315991658
-0.21549227407349175
-0.14196987200689937
0.6127020432811675
0.12270512672765584
-0.21880588544014729
-0.18712055376518344
-0.19642997044801647
-0.1925242463507003
-0.19479211530487
-0.19979491071805455
-0.20351021282128873
-0.199711739310459
-0.1920076290020545
-0.19952448478727386
-0.21628907724638197
-0.22302253996695492
-0.2474612671093438
-0.27837346344518143
-0.32099345874476193
-0.3341327517193773
-0.31451095743807267
-0.25284596276067417
-0.18295069543922332
-0.13387643684235928
-0.11943085835002935
-0.10157002067217988
-0.10208939187960821
-0.11504996033689699
-0.11794187158090808
-0.1358881890839413
-0.13236297043337358
-0.13903788628781472
-0.14675479362653893
-0.1566591507889119
-0.15974975830838206
-0.15020934854799195
-0.1604534333208724
-0.15289349603634042
-0.14523364505886266
-0.15761923317476234
-0.14368895890356437
-0.1132577148460355
-0.10446591135337288
-0.10810059364807201
-0.1341776370955431
-0.14768956466656694
-0.17097397163733102
-0.16139665496634537
-0.17848589739794596
-0.18276288001864788
-0.20634266210593136
-0.26639018404851844
0.23587064247843242
0.04109325517194676
-0.24369988787507707
-0.21881150597727664
-0.22811314404185828
-0.2118106087906853
-0.19797335895974857
-0.21154554265565806
-0.20648027629706597
-0.21827281639106855
-0.21654550575947026
-0.2135078152371635
-0.21517889008044816
-0.24241033088146502
-0.260504809985163
-0.29613936389368045
-0.33195286717549966
-0.36479663692530184
-0.3449340108006642
-0.307506589596205
-0.25816937796677863
-0.20780005772662752
-0.18042772014736547
-0.18881360773487
-0.19065031036831004
-0.1933159973972215
-0.18774375417230482
-0.21697647082401378
-0.192912255384167
-0.23206395229943017
-0.22561153660544547
-0.22537751679206586
-0.21061311898744245
-0.19834444144316418
-0.22296894213761026
-0.216436852203839
-0.21578892255786336
-0.21318248259745837
-0.20388468983549463
-0.18589661712898436
-0.16021797032034418
-0.1870972439969707
-0.1899437051878869
-0.21258637092129767
-0.20990475441464368
-0.19570574280194464
-0.21356328931856175
-0.2575250236656663
-0.30599041940467114
0.2742958665902118
-0.03485921988434433
-0.2335150673728098
-0.22674916760613034
-0.21990565592612069
-0.21784093162026608
-0.22423907213924882
-0.22070530075382933
-0.2184361145378445
-0.21710483015043808
-0.2206424733447218
-0.21961370303382394
-0.23226674041888934
-0.2636478411463089
-0.31873571263073297
-0.3582905696821319
-0.354307542999931
-0.353800410838394
-0.31087441531899696
-0.22764562921184195
-0.17701276942309943
-0.15672130193685282
-0.15362600732044002
-0.15889250351414339
-0.16507626456466923
-0.17357336688331332
-0.18358750851675137
-0.18006066519337216
-0.1931621133248006
-0.19860869079064988
-0.20499073538874651
-0.20361636923934212
-0.18484181107430597
-0.1873051990922302
-0.19173093483144288
-0.18631840632353588
-0.18731910572922122
-0.18075532926605517
-0.1471821257359071
-0.11518099818383475
-0.1312434294263263
-0.1514298507309917
-0.17424976754660382
-0.18071052786764358
-0.18815118172601936
-0.1853136028787508
-0.3345289700275099
0.267268869635361
0.909343142205066
-0.2273739431707918
-0.20736505029229438
-0.2140521176801063
-0.2211631586691296
-0.22854765557911352
-0.21819652752526075
-0.23413535915964503
-0.228480135774771
-0.22768748216810195
-0.23786629489207534
-0.24584457875602278
-0.2687476397799844
-0.2740807031131595
-0.3216914223993618
-0.34087014645498825
-0.3624679903772715
-0.324386875655803
-0.25208972753763514
-0.17674896236492837
-0.14677782931025002
-0.13272506395525166
-0.13735881719070875
-0.13937311526171245
-0.14467754040698325
-0.14369160722481816
-0.16890531700927228
-0.18057876114711827
-0.17323151332288136
-0.1799847071942303
-0.18066872975645076
-0.17915525251415673
-0.18200145361700537
-0.17874948809822086
-0.15992693160996488
-0.15854290107243715
-0.15184583910223415
-0.12604083699272423
-0.12080871219912218
-0.0976943262210379
-0.1257109179375748
-0.14368466325377344
-0.15424732917574754
-0.1622432438345729
-0.16357850242803001
-0.23726147812424472
-0.10323554826736438
0.6532661102594013
-0.24792466657448467
-0.1783796604778574
-0.20102073695353595
-0.22343604764271757
-0.20832781540553652
-0.21094702078607364
-0.21180512795445983
-0.21134898519844142
-0.2097171878221196
-0.21040340416404646
-0.21856964249645716
-0.22770653561910442
-0.2666002709262787
-0.2900439415712574
-0.3217201954094063
-0.32819948343040234
-0.3229395036943242
-0.2645829802009859
-0.19930825425978077
-0.15533186352088152
-0.15211817660154908
-0.17152365461039865
-0.15119071580724186
-0.17542200375530378
-0.17608876934878767
-0.1979239264681582
-0.20646217682269447
-0.19434349534059714
-0.21195786186645688
-0.21982580456461778
-0.21115086780472586
-0.20062592978672034
-0.21937786837838058
-0.209324511324522
-0.2116704804741543
-0.18840023763325672
-0.16864630409784664
-0.16264463483584818
-0.14287459607665323
-0.19048049925876998
-0.2042984880097253
-0.20245852557936883
-0.21694997662654358
-0.20563443976849605
-0.2381730586550117
-0.29608640499074507
0.21258800987240384
-0.2633659107113088
-0.26224924409414274
-0.2499738957179198
-0.22078317653874746
-0.2439402243774883
-0.22578937669084065
-0.2321687264957067
-0.22840015902468852
-0.23254707180774709
-0.2240946297829569
-0.24144011830022472
-0.24957730168536613
-0.2752495765370474
-0.29942535190596975
-0.3405788264147471
-0.3384439773903382
-0.36998593589532064
-0.3174223602471493
-0.25562179775778116
-0.22232821530770458
-0.21239817244985462
-0.18663804996194344
-0.19742825082984605
-0.209636007798715
-0.20104140153368766
-0.2172277272948345
-0.21362131554999597
-0.22455615771166731
-0.21551053533953368
-0.21726322208624418
-0.2271000563837728
-0.21415089034395515
-0.21654595041383512
-0.21193162170623475
-0.21349098873109315
-0.21930167611434628
-0.18464477462651874
-0.16966617299444717
-0.15818005877731986
-0.16794060698911975
-0.1773901709147895
-0.18279567418859338
-0.18633725354496458
-0.18444298332810727
-0.1800200248668415
-0.303202307408426
0.17389080333594917
0.3800322756050476
-0.2233188280714558
-0.21275098564401013
-0.21374723965701747
-0.20231868534935527
-0.1966197373033301
-0.2029049360538251
-0.20449632536159454
-0.19811612058343547
-0.19733198660878867
-0.21167477340263502
-0.23421613521823748
-0.24233435441891993
-0.2727559363104228
-0.3118859687409544
-0.34472726356879124
-0.31882670008960756
-0.2737426159638803
-0.21550139364555482
-0.15832079814063799
-0.12867376139372416
-0.11116737036812693
-0.10898625737825365
-0.11445408271164142
-0.13078355868924055
-0.12881511277116034
-0.13923461922127955
-0.1546554642599475
-0.15394161560272854
-0.15265847649257314
-0.1620623683569023
-0.16546921874442377
-0.15210804762493554
-0.14814367876637963
-0.14239585936831967
-0.14683342490582027
-0.12545594389899345
-0.1275542661213362
-0.10109554130406288
-0.08272257554951062
-0.05801564134086876
-0.06614990781825256
-0.07645240039285478
-0.1065245148449693
-0.12260989531025013
-0.11015863078867127
-0.10374775963197748
-0.24039631518366922
0.18301205873275225
0.9194138211513438
-0.17485435195287008
-0.11630066629580746
-0.14852767712866002
-0.1559813297780246
-0.1483665118803228
-0.1456305111353624
-0.14377503769233246
-0.15091885392617482
-0.1490617545437852
-0.14944174692565462
-0.16393024252721158
-0.1848003411503055
-0.20788674661952153
-0.226206602495912
-0.25392560875602965
-0.27951792402001796
-0.2655747655956484
-0.2142275221594012
-0.13784588818054716
-0.08401216533664137
-0.08151193755128025
-0.07887182672618923
-0.0778520048685869
-0.08563441960403889
-0.09667880390440065
-0.11321953284415512
-0.09886128530282907
-0.11996794065895322
-0.1275179873924795
-0.12999877545556535
-0.13183339394122867
-0.1226492046779873
-0.11861843774625322
-0.12024691619724645
-0.1100243722127656
-0.09824998935037951
-0.10730413691547087
-0.09754461605135521
-0.07675709443631934
-0.04983632757895739
-0.0492727586550616
-0.07356223902313438
-0.09634201380052701
-0.11032604607448439
-0.10765870599085468
-0.10735405765890776
-0.11713531930004341
-0.25733612460002486
0.1657503093250407
0.8165921052624454
-0.1904473248373411
-0.14271066191422474
-0.1583431132506899
-0.15493586920236965
-0.15786438744888553
-0.14997784562822275
-0.15791047604079678
-0.14958241600038658
-0.15442991173897677
-0.13565446403182277
-0.15985854951012757
-0.18886640121610637
-0.19585497382680825
-0.22643072386648805
-0.2554642261146432
-0.2575719830692785
-0.2712033458359308
-0.21939415010212074
-0.14718725730579163
-0.09984177561377813
-0.08055718998978019
-0.06400933525182965
-0.07571670731211987
-0.08509242636720585
-0.0758622983254406
-0.08809830682639884
-0.11272855785697855
-0.10653912945439123
-0.10987983408373064
-0.11915602192448416
-0.13816660203390352
-0.12445262400618207
-0.129642207676957
-0.13576091600930598
-0.11281200029705628
-0.12410549163435383
-0.1224020220135281
-0.1024329837074388
-0.10033685371623821
-0.11368239902374586
-0.07042724302888377
-0.09996767513456661
-0.12556183221294503
-0.1476670829342881
-0.14139605475968012
-0.1566988012846425
-0.16089568354663938
-0.20055091159737126
-0.31048628500129993
0.12242774054503625
0.4532142626256536
-0.26409730387839747
-0.21882986897277634
-0.1943809399239561
-0.20556959812486036
-0.21321168248768824
-0.19253851343739786
-0.19867773941909994
-0.1976162768928233
-0.21438590985243533
-0.2081515226599806
-0.2007265047340735
-0.24326431195116172
-0.24456079259703906
-0.27943931652146936
-0.3276788515168936
-0.34675079585756435
-0.32788953663876114
-0.25487191611281484
-0.21882913019170813
-0.1710761413587332
-0.17718192670704533
-0.1823655640380089
-0.1946609547803041
-0.20455805525607967
-0.20758358641740549
-0.2162961373071794
-0.22036945263754204
-0.22634995309457107
-0.2353388584062434
-0.24456545686256628
-0.2337578877752271
-0.24571999953462004
-0.24021265095443917
-0.23405997288762884
-0.23762478677221838
-0.2320364795729522
-0.21586213466961546
-0.19620323807354795
-0.17859271599934318
-0.20772467067588446
-0.2234914298543937
-0.2257938489569411
-0.22740014812605752
-0.229957237377923
-0.20903839773016852
-0.3005565839394008
-0.05918393016174125
0.4976020382776466
-0.37968820237608236
-0.23743669604446252
-0.2385841975198707
-0.2253338832545222
-0.23023669147840975
-0.23045199382818246
-0.22337686024118023
-0.22115446017740104
-0.22492147282922037
-0.22600480431027684
-0.22526195715772004
-0.241196535964474
-0.27824690246206196
-0.3226673583253622
-0.3339565890339959
-0.363118500884944
-0.3376267302882353
-0.2538107083793694
-0.18844643489172203
-0.15849572986188076
-0.14539241482378348
-0.14508121621823072
-0.15801979466058078
-0.16309940725966926
-0.16578479197926316
-0.18107237287489827
-0.16709639802580895
-0.18458298991593997
-0.18654224264601782
-0.19312624930501449
-0.17883590645834943
-0.17802755644650192
-0.1712258136657935
-0.16900855212196889
-0.18888890345616804
-0.16793997125780796
-0.12937957522112195
-0.11382090857902284
-0.12252874628482228
-0.13995781237396693
-0.1560373407654584
-0.18016661142296184
-0.17289322335028898
-0.16864364581407823
-0.3030015507198187
0.26608281044357773
1.0173656843029393
-0.26790218453018755
-0.18502035958920954
-0.20617751403736254
-0.21750030619646205
-0.2030422809163006
-0.2063921158021636
-0.19333349788328624
-0.1909202355487571
-0.1956835768801939
-0.19819838344029056
-0.2091331580032892
-0.22788886117607515
-0.24870497306634198
-0.2929942658932907
-0.3108849196965421
-0.29401334030283605
-0.22122360369315014
-0.13292913865327916
-0.10696691557773799
-0.09644005605760145
-0.09307253254496348
-0.09256217868661519
-0.11102173121231526
-0.12714995303310123
-0.12595011171061807
-0.1364510177892718
-0.1451161664958019
-0.15019765740406626
-0.14830325705432962
-0.13792291955013514
-0.1346321477500314
-0.12973175644892243
-0.13968516333892683
-0.1282272324706977
-0.12509180926577457
-0.11105753494337628
-0.08169606083719863
-0.057628023072768514
-0.08420411506880113
-0.10424652697753134
-0.11669213881944221
-0.11527395669161537
-0.11351092316745473
-0.14357141354918915
-0.26225093607587463
0.4603638399846301
0.5432925759756457
-0.17540795894646938
-0.14228560283935454
-0.1445948484713061
-0.14874302471204778
-0.14027276011763812
-0.13015926770032094
-0.13754149096231444
-0.14027049389512106
-0.1263696938431514
-0.13300158001179646
-0.14854809581304024
-0.15142913350739867
-0.1772087910330512
-0.22067429172421638
-0.23461771704205175
-0.23864715550246673
-0.17932917983681004
-0.09885313745457835
-0.049214916757438734
-0.04860532460064962
-0.05164002755240561
-0.05414911505225928
-0.050374848628163583
-0.05765461130693502
-0.06593134291202339
-0.0674788564196484
-0.07501328312946262
-0.08198441621767286
-0.07905371293750439
-0.07164053184825185
-0.06860697087518669
-0.07185048630649815
-0.05180936855307722
-0.0677633591129824
-0.06735106046510811
-0.039130043298690506
-0.02544098174865201
-0.024921591673860384
-0.038128787168969544
-0.07479432437461803
-0.06058323429895024
-0.07549562289909194
-0.08126806462332772
-0.08219798009527568
-0.22071600865083918
0.2199232699611086
0.6331714957637918
-0.24198012422526166
-0.12226680799078235
-0.12448784379133518
-0.12257119248350161
-0.11932296790633581
-0.10896864832099501
-0.1268504926147121
-0.1038322764760754
-0.12117093969586032
-0.1197293515546646
-0.1216970349285511
-0.12927404058505718
-0.16560896236162378
-0.20963443864980294
-0.2256590215353617
-0.24306000668147296
-0.24037050976553423
-0.16655918482376675
-0.12316367742643516
-0.08455908087367717
-0.09674354252976568
-0.08827263833692976
-0.11293836204550131
-0.09633341145739369
-0.10030872702364375
-0.12159017440584927
-0.1316309122370337
-0.13853943786070855
-0.14997792797461323
-0.16030041028495656
-0.15122076013508773
-0.16064015044619825
-0.15290588228664576
-0.16385420188552144
-0.1579341560774064
-0.1507260051565265
-0.12816821393194222
-0.11888354136213186
-0.13344340583736297
-0.13472941304103697
-0.1432861621502987
-0.1737937541783527
-0.17593716770026466
-0.1660078184980047
-0.17555880945539665
-0.22817593346981727
-0.08428692438767932
0.42025600900769344
-0.3291570631258747
-0.18733103888910063
-0.18879897539063484
-0.17982147264597728
-0.1750752645442415
-0.16859086217394167
-0.16868973057288922
-0.1581298871166733
-0.15353045525768544
-0.15091215950719225
-0.16163732500466302
-0.1590567924519878
-0.16995643718459397
-0.21854237773691806
-0.25299224558673533
-0.2741782109015828
-0.290120518867091
-0.25879821192315855
-0.19468761898035764
-0.12788640801055964
-0.08063221666323248
-0.06881986256130741
-0.09063273241020789
-0.08390190629988582
-0.08415112195295059
-0.08833028058897782
-0.0939591316545117
-0.09400922820485332
-0.10051558457101477
-0.10716028884976908
-0.10674022140502551
-0.10972109069650829
-0.10956284837768333
-0.10914536362094286
-0.09855199514740631
-0.09785000439350741
-0.09643954287079361
-0.08609805970226714
-0.09672433322437525
-0.08421704317837456
-0.053655506157677876
-0.036225188290276336
-0.05995114316858295
-0.07424073856089465
-0.09121961918022316
-0.09394275088392182
-0.10247861610951156
-0.10195920143343555
-0.22918208707791132
0.23857323925116974
0.9323237077653379
0.1130718976244917
-0.114557856590882
-0.14705722766606177
-0.14994913841946295
-0.14302739492909902
-0.15635415296817395
-0.1656565824287179
-0.1540689897046561
-0.15440368430039353
-0.1699021310559211
-0.16682208079078398
-0.17763167675726071
-0.18374827204617117
-0.21476720228008467
-0.27040612779263873
-0.27792051601458845
-0.28011667857034617
-0.24681326515720842
-0.1550089876734903
-0.08577058928421978
-0.06834678553897076
-0.06321880122461507
-0.054205768463431475
-0.06508208498030353
-0.07827189602766388
-0.08300323581144356
-0.08629483693990891
-0.1157623451144966
-0.11693125354756312
-0.1297493039485212
-0.13375274562122702
-0.13177591560630092
-0.1298364973087493
-0.12850830372155503
-0.13570731319109539
-0.12724979711932563
-0.12354109767270022
-0.13393198116539048
-0.10801063907207153
-0.08211116662705789
-0.07890681433880055
-0.06349881793521427
-0.09115321182890257
-0.10686802390635333
-0.12760493009653784
-0.12479629434521786
-0.12869372280246927
-0.1913431265753551
-0.3267366171758827
0.17678927728207483
0.8600147373964322
-0.19630207510788272
-0.16558791153441446
-0.17535052260330544
-0.18439663887453445
-0.17678907531978547
-0.17187693012397276
-0.1779590028032827
-0.1685845301469578
-0.17476206158410607
-0.17907574429596895
-0.2081975234533755
-0.22054418946465038
-0.2503273397961119
-0.2760418988386297
-0.2956406573713486
-0.3046685790486446
-0.28964125690386994
-0.2123615291587025
-0.13517838661277565
-0.10326862957688548
-0.10531057656306059
-0.10970116987337311
-0.11077072464898303
-0.12872118727967824
-0.12240136040779036
-0.14103280203214663
-0.1423835614362401
-0.13584010783046538
-0.1511648422132162
-0.14309484641597758
-0.148227717016726
-0.15292333007591655
-0.13564464537783233
-0.1397291165612019
-0.15253889420570627
-0.13978232014563075
-0.13171472136190732
-0.11300432540865335
-0.10236933191767515
-0.08407705163720705
-0.12911013749116865
-0.15431698859557316
-0.16204767451654445
-0.16019558121730781
-0.17712426447468943
-0.19462497440216217
-0.3011212667287624
0.1841581136161125
0.5374941476349792
-0.41119549427112256
-0.21808541375446516
-0.23353271439148993
-0.2360152688300608
-0.2237165843252229
-0.22544895827507228
-0.2296400292400534
-0.23814879476392914
-0.23141616496527237
-0.24452870932266207
-0.23991673558192134
-0.2477736849269688
-0.2814816518858715
-0.31978847525276893
-0.3507544562957665
-0.360191837384197
-0.37208674367129335
-0.32484808587261216
-0.25245538850713306
-0.21433759022951565
-0.21647951809726856
-0.211612067362033
-0.215001512511364
-0.23265632217265436
-0.23674679147219818
-0.23078990904723345
-0.24843576384552407
-0.2676897583398649
-0.25212479390204257
-0.27295621279296944
-0.26496330052618433
-0.2743491054468689
-0.2663792783683003
-0.28943055178071553
-0.2787138414281424
-0.28287971404823337
-0.2638150947836639
-0.24987890118263983
-0.23121759658688593
-0.24396195795605333
-0.2624197841325931
-0.26178478599680194
-0.28056515906654
-0.288381138307848
-0.3019387625848148
-0.29150027486064284
-0.40200659500944685
0.08702015900164715
0.06015846557887307
-0.31859577001499445
-0.2847894049909967
-0.2823808588135657
-0.2676292388169799
-0.2622483501151786
-0.2704845536393628
-0.2578877794627937
-0.25372585549356935
-0.2508671228178343
-0.25238470201913044
-0.2762313224875429
-0.293055256531746
-0.3038387754164439
-0.35836919527476074
-0.3818296422966309
-0.36194459339016655
-0.26958918381920555
-0.1969484134710352
-0.17267559884684508
-0.1669823847656582
-0.16704825882470076
-0.15897225547282
-0.17673129217340527
-0.15913752045754342
-0.16482291801656762
-0.17532212345386078
-0.1795431343783337
-0.17042441034037495
-0.1662604647443228
-0.1699365290629954
-0.17205770079034538
-0.16526240367079287
-0.15812495510213057
-0.16908382388537535
-0.1679994663840295
-0.15017950510557013
-0.1296727332656001
-0.11814380876056299
-0.10338195614262732
-0.11527101066547284
-0.14407461859006493
-0.1461672151399389
-0.1488692845835794
-0.14072665595306566
-0.15888315252503726
-0.264616456447795
0.15164710728316744
0.9199106821452907
-0.1792008085124716
-0.18868742102592143
-0.18673680361625172
-0.19323119248736023
-0.18736498106315513
-0.18956118431472757
-0.1784294072757654
-0.180503175853369
-0.1816442596331418
-0.1878169573736109
-0.20448233509734026
-0.2404833841715533
-0.2683093711389093
-0.30282192829188115
-0.2976300567234471
-0.2482684140774052
-0.15249825615693247
-0.10834623735242335
-0.08601978067882479
-0.08196808383371393
-0.08280102148820416
-0.08801864062045306
-0.09073087774498018
-0.10188758284917449
-0.10797305814006931
-0.13542500520744852
-0.12433503108385198
-0.12582188527108737
-0.1368874757341741
-0.13084070919189605
-0.1255081586014859
-0.12141691307553623
-0.13003173654696154
-0.13176315555801366
-0.09838279640972508
-0.08064765380620667
-0.06038769446781444
-0.08853466415288014
-0.11234750077178603
-0.11896249916894597
-0.1226339293413436
-0.12707492396863662
-0.1889106358447275
-0.31448219775611275
0.07977169335413024
0.8500482092049171
-0.16367363423245102
-0.15465071375901865
-0.16532138387672385
-0.1736424752099764
-0.16962308346698468
-0.1643187104105906
-0.15451902226622333
-0.1681392359841088
-0.16150743376850085
-0.16085707355367154
-0.18016279846138844
-0.21010379459088052
-0.2509209120411709
-0.28558755652815054
-0.28309660589725016
-0.26849997252679564
-0.1867209758853095
-0.13821271080809844
-0.10799711667671488
-0.09174924705347008
-0.0784505910177947
-0.09001776126445575
-0.09323252020843717
-0.09615958915963027
-0.10598383304397799
-0.1209893961400336
-0.11634181125011792
-0.13365331983938813
-0.1540826461097341
-0.12509777035761788
-0.13475108233974864
-0.14023382811183452
-0.12803322291735147
-0.12508200640290684
-0.12276919389867888
-0.10530885200176694
-0.08856333166691657
-0.08640217469434003
-0.12402185482271533
-0.13395590765445395
-0.15149556911206738
-0.17331788206166893
-0.15731672893922616
-0.16177482873525184
-0.2881878148042949
0.13081313751902784
0.4893467789977407
-0.22692171856825014
-0.19041542776271236
-0.20142251656730328
-0.1969355301138236
-0.19034736723746373
-0.1982745046103579
-0.1847111369021377
-0.17922315571329772
-0.20200244447587062
-0.216149298603513
-0.19704057423485472
-0.21923272027807955
-0.23089007236111225
-0.2541844354390177
-0.3107550959214157
-0.33407019264647086
-0.31143852872020855
-0.2690256927538245
-0.19785422799580685
-0.16592384192420004
-0.15117319135860025
-0.1677925735021289
-0.16756128489006825
-0.16057965966807433
-0.1796415299685606
-0.17444187458081395
-0.20810631792295264
-0.1903001332439669
-0.19973192139693835
-0.20019350063950803
-0.2100242974187876
-0.21363171956689775
-0.1942616467520047
-0.21185237380989852
-0.2334640538021711
-0.20959943918149293
-0.19152827966984343
-0.1708360193359354
-0.18474852904693795
-0.19541801296885677
-0.22631203341226036
-0.22067556389902965
-0.22067742741681806
-0.22348770505297577
-0.24520783292597595
-0.3554056890952203
-0.046763834098427506
0.2826458488818393
-0.07423879037184092
-0.24495719259211585
-0.2284609076242262
-0.21621122260711054
-0.21946999097654113
-0.20474369371548945
-0.19049973908920298
-0.1990148528577401
-0.1908378240271132
-0.1787676033888132
-0.1879338174582349
-0.19207820251353414
-0.20097066941660074
-0.2245772326302028
-0.27494378745534886
-0.30161868366054423
-0.315823464066332
-0.29962496176439524
-0.22024763538244577
-0.16863413028502314
-0.12231793106341317
-0.10707786354760684
-0.10541930819056763
-0.11577160081372753
-0.10872798460784286
-0.1185499467624246
-0.11839158342017217
-0.12118192201396427
-0.13069927146144242
-0.12164240654739115
-0.136235603783979
-0.1257772856104533
-0.12384373596325024
-0.12139819383798042
-0.12205352165215905
-0.12179880836049065
-0.11916396465728632
-0.12205918974675554
-0.10367034767458988
-0.09366797889601934
-0.0825273976337097
-0.05903722515914288
-0.08010849704273591
-0.10074071632183956
-0.12503915302341223
-0.11516908633262207
-0.12715010284014014
-0.13212979670030867
-0.18489129866232018
-0.1976624734724149
0.5853041655156017
0.356529337017121
-0.1617396539687622
-0.17702378270600572
-0.17107549365340868
-0.16313598467956883
-0.17381820803721662
-0.17588208953238654
-0.18229405679599797
-0.1685722450743618
-0.17126848902962266
-0.1799811788165782
-0.18589049425521065
-0.20656046133696976
-0.22023746824388185
-0.2553451530851987
-0.2931479418706576
-0.2994278928715316
-0.2725071935529228
-0.20071001248241643
-0.12071211248725511
-0.08510491228457362
-0.05172379403300781
-0.04089301550198242
-0.0629802237751864
-0.06445130449720045
-0.059215711071836874
-0.07477060298606694
-0.08237152864558091
-0.09450785172420331
-0.08453891700807964
-0.0957197473442414
-0.09311535046189953
-0.10294636617318395
-0.09898486987531493
-0.08968246907219518
-0.07918940544357682
-0.09016594126658997
-0.0696662216757114
-0.040065100548181215
-0.012382541329975036
-0.02269970557384386
-0.054248726465328315
-0.04397033524020176
-0.07316234494505547
-0.07793958913127069
-0.08512100524271686
-0.08580457966175564
-0.23710883932893617
0.3607004446991369
0.8719247849795639
-0.10375574011074543
-0.12271844737076257
-0.13551481691032188
-0.1251725910068355
-0.1368934397693556
-0.1292068368848847
-0.13129029628581562
-0.13290391626255502
-0.13705306524087768
-0.1381747337528283
-0.14677711974512714
-0.17205710792467221
-0.1912523079515909
-0.21074523589664623
-0.25537068484563874
-0.25404808002316104
-0.24604728157419525
-0.1830194611047724
-0.10629357550626214
-0.06209891550880602
-0.048478126283862735
-0.05867625963484307
-0.05746458839178083
-0.05286335589928164
-0.07351263443623926
-0.06897043695656939
-0.07291987221065759
-0.09476075758087021
-0.10823351869086897
-0.09348156063059838
-0.09323220960246023
-0.1049802635046498
-0.09272507182298137
-0.09842230188986922
-0.09391730737626061
-0.11151507021376778
-0.07309278016521983
-0.06811680909248646
-0.06721353825790932
-0.0841205302933907
-0.10458617217963537
-0.1262374423846204
-0.12618673613538334
-0.15011653624888097
-0.17585910105916835
-0.19707633242258296
0.24851833492944686
0.6110590447640472
-0.21370499542285196
-0.19469922222635788
-0.19712460319587805
-0.1913164570488295
-0.1934816771177018
-0.17921340349961545
-0.18705220490163538
-0.220187516505789
-0.20782104528343914
-0.21112200630960076
-0.222218454437512
-0.26373417433943513
-0.29043532025624513
-0.333260310572735
-0.3732531354994492
-0.365600133002166
-0.299804391931596
-0.2326076058276395
-0.2005022816961909
-0.18192967905919238
-0.20009091106427895
-0.18429722680579536
-0.20301391137766078
-0.232010318467659
-0.22103076303513702
-0.24146121265295628
-0.24767723302591282
-0.22708308469038008
-0.24176163649948706
-0.23680647141052524
-0.2459827506830874
-0.2477454490011796
-0.23170618164181447
-0.219195613486303
-0.20094762679927736
-0.18276299952084363
-0.18160830136032263
-0.2018993234215833
-0.21434280617783438
-0.22436692446664014
-0.22033763897145892
-0.21997347847202858
-0.26534258128947297
-0.18011101177370026
0.4600037695316588
-0.40209485063970907
-0.22261714379599973
-0.21578396608337352
-0.2137801867081775
-0.22401538698646006
-0.2021031747218877
-0.2016923100946223
-0.19097720747154606
-0.20155916170583194
-0.20347490778403343
-0.2058602342962955
-0.21552092404125722
-0.2513039031939822
-0.2815127887348058
-0.31426525237499664
-0.3359317192331067
-0.308811790418725
-0.2173242674623586
-0.14142773002463405
-0.11119874372845734
-0.10669878326635224
-0.09969317276338416
-0.09737604753920798
-0.11527373338635659
-0.11047051381303134
-0.11703751196904752
-0.13365073584701823
-0.13867612512422517
-0.1297381188307576
-0.13032678328399316
-0.14530381226793668
-0.13718600636914224
-0.1353639883037724
-0.13988448336215276
-0.1351515689728795
-0.12492119120677694
-0.10767699683307888
-0.09565040790366167
-0.07833443247695074
-0.07178321969066694
-0.09639470773847991
-0.13077962048469577
-0.13607919169271798
-0.1405575232870688
-0.13800126010296132
-0.16300761777275383
-0.29092754509615454
0.4199398230276533
0.6214385880034055
-0.16197755297126684
-0.18617807849799622
-0.18866922457796537
-0.18816115562407557
-0.19058374807310471
-0.1806238089776523
-0.18993973837737926
-0.1983402361296947
-0.19266293142163526
-0.20633389158725288
-0.224201443320097
-0.26030932230140075
-0.29737970969454364
-0.32627725614765424
-0.3176138853324076
-0.257744052515148
-0.16911180376955992
-0.12090971940351822
-0.11217638056921159
-0.11005221288446881
-0.0965829198372056
-0.08709007017005387
-0.095117260518293
-0.10790071078680372
-0.13003383252489872
-0.13736850362841752
-0.14000442922319917
-0.15259456005864983
-0.14138193117413964
-0.13289237611800936
-0.12888663060046074
-0.13645604471855777
-0.11793824050674477
-0.11739064164810951
-0.10291363822126168
-0.08979518443090981
-0.04608149936266648
-0.06707456065098029
-0.09101007734220987
-0.10499863964101892
-0.11605526706943545
-0.1169094529135343
-0.12454484739091762
-0.21356593706900723
0.01506395836131215
0.7615010588634005
0.8158581957449866
-0.16268639902236953
-0.15656380884140492
-0.1680617803458316
-0.1691191500103245
-0.15794333839405011
-0.1655061884183351
-0.15381604185454933
-0.1717572647018844
-0.16705793911453556
-0.17558875507150412
-0.20794046158719015
-0.21451871451629834
-0.2688501252748575
-0.29728623520384695
-0.2928161346529974
-0.24603813415983294
-0.1679754385238063
-0.12231349065982011
